"V1";"V2";"edgeweight"
1;486;0.043653341056779
1;713;0.156060581747443
1;882;0.0222513596527278
2;156;0.125982736051083
2;200;0.0175287732388824
2;792;0.176012804778293
3;244;0.0475098563823849
3;828;0.180492323404178
3;937;0.192690103733912
4;230;0.0198390247300267
4;418;0.0212043767794967
4;544;0.0800676801241934
5;327;0.0238253419753164
5;427;0.0840796589385718
5;433;0.0622496986761689
6;572;0.106027652136981
6;654;0.00587995480746031
6;899;0.137063290039077
7;310;0.057738323090598
7;751;0.0488154831342399
7;846;0.189090803172439
8;374;0.0984478017315269
8;650;0.00468831141479313
8;788;0.0805840896442533
9;496;0.149069884093478
9;602;0.143461220385507
9;832;0.0409952705726028
10;395;0.0408493442460895
10;590;0.188919712603092
10;711;0.15194798335433
11;585;0.144400154147297
11;825;0.134794363379478
11;843;0.161618902953342
12;124;0.0991804738529027
12;794;0.191210180101916
12;958;0.126220401283354
13;232;0.099285562010482
13;264;0.0161160331685096
13;384;0.123690498108044
14;258;0.0636361731216312
14;481;0.11601034430787
14;637;0.0489456500858068
15;802;0.033390042418614
15;936;0.187052343646064
15;985;0.0156221024226397
16;589;0.0510042598936707
16;749;0.0541461114771664
16;957;0.0750305239111185
17;179;0.0652497396804392
17;249;0.10088353655301
17;465;0.0334812523331493
18;773;0.0015855317004025
18;974;0.142920282809064
18;993;0.0856065170373768
19;467;0.0741832469590008
19;500;0.174354257807136
19;632;0.0258147497195751
20;352;0.0878880328033119
20;777;0.17708587651141
20;947;0.141869186749682
21;393;0.0905107904691249
21;571;0.0680777367670089
21;841;0.197272721398622
22;422;0.0415027332026511
22;444;0.0672697198111564
22;487;0.188944788463414
23;347;0.161706948745996
23;382;0.110449905041605
23;963;0.163252498628572
24;235;0.0612010128330439
24;595;0.0330067712813616
24;657;0.0143152160104364
25;279;0.0595452927052975
25;430;0.0551182548515499
25;499;0.11405483270064
26;674;0.0824609778821468
26;932;0.0181661513634026
26;960;0.151301440829411
27;302;0.0363792737480253
27;831;0.0184147000312805
27;990;0.165862829377875
28;509;0.111765246838331
28;715;0.177046097861603
28;798;0.022980925347656
29;122;0.104150836123154
29;734;0.0340109867043793
29;905;0.181647490570322
30;61;0.162418117932975
30;489;0.0683081420138478
30;526;0.110905654262751
31;62;0.0638479102868587
31;518;0.045164598338306
31;627;0.0557594167534262
32;334;0.159247311064973
32;583;0.16379986112006
32;703;0.0820406535174698
33;458;0.171612050291151
33;667;0.0263343972153962
33;954;0.189449557987973
34;411;0.132753404742107
34;449;0.0961761561688036
34;855;0.082956332154572
35;450;0.115712568722665
35;651;0.150745020946488
35;715;0.105352234048769
35;788;0.0925982186105102
36;491;0.0072334794793278
36;564;0.17119174497202
36;866;0.185601329896599
36;990;0.131972219282761
37;294;0.164530363446102
37;497;0.0179902088362724
37;743;0.158628219459206
37;952;0.0549709915649146
38;474;0.000889991130679846
38;903;0.137282050447538
38;906;0.0128701594192535
38;939;0.0801151217427105
39;159;0.133987900847569
39;320;0.100261717475951
39;574;0.0535879601258785
39;949;0.157556642778218
40;304;0.0498533491045237
40;385;0.00995290423743427
40;411;0.0938992944546044
40;610;0.197530360426754
41;346;0.0339477405883372
41;485;0.188192672515288
41;595;0.0387700081337243
41;747;0.18249187762849
42;55;0.104463328514248
42;672;0.0559665963985026
42;965;0.134779325127602
42;978;0.113366644643247
43;140;0.0742536548059434
43;383;0.0687336176633835
43;517;0.063317090831697
43;571;0.0145417583640665
44;358;0.0885613321326673
44;898;0.0241448308806866
44;907;0.0808186034206301
44;972;0.0381240101531148
45;543;0.188947336468846
45;600;0.11497714095749
45;613;0.149239979451522
45;688;0.110053046327084
46;128;0.087879595765844
46;312;0.145687389140949
46;422;0.0665138382464647
46;435;0.00349586675874889
47;401;0.153928395640105
47;421;0.0366792679298669
47;545;0.150095355790108
47;679;0.143959721783176
48;60;0.183573125861585
48;790;0.0598256078548729
48;848;0.0436942148022354
48;986;0.0335904771462083
49;121;0.176921933330595
49;273;0.121538706030697
49;618;0.0945481464266777
49;798;0.140374250570312
50;497;0.176598703209311
50;791;0.024460965860635
50;795;0.199691154621542
50;879;0.190948003297672
51;120;0.00680251382291317
51;295;0.174409559741616
51;401;0.0934426290448755
51;494;0.16650830344297
52;211;0.138982630241662
52;489;0.0918456599581987
52;539;0.111350060533732
52;951;0.146007592510432
53;352;0.119915841752663
53;485;0.0834269844461232
53;952;0.115473748091608
53;985;0.111345139890909
54;435;0.142579036392272
54;506;0.128422639379278
54;773;0.106840180838481
54;858;0.0284128142055124
55;42;0.193485595751554
55;299;0.149329148046672
55;429;0.0566591196227819
55;779;0.0499903978314251
56;456;0.00889174626208842
56;516;0.190809206478298
56;643;0.198179311305285
56;824;0.0390521509107202
57;357;0.126653279457241
57;362;0.00856003840453923
57;727;0.00349253225140274
57;741;0.0386755876708776
58;262;0.0473847433924675
58;482;0.0824300808832049
58;670;0.034946250775829
58;719;0.0121047350112349
59;793;0.0920256691984832
59;814;0.165169004211202
59;900;0.0187504645902663
59;995;0.123611866310239
60;48;0.158767699589953
60;180;0.138336769957095
60;247;0.0707389417570084
60;996;0.135680543445051
61;30;0.189176704129204
61;260;0.181540192756802
61;323;0.0534090069588274
61;383;0.111580741964281
62;31;0.0303670198190957
62;210;0.0038458526134491
62;568;0.154346502711996
62;705;0.151854981482029
63;389;0.13580878181383
63;498;0.0590931623242796
63;597;0.00749441725201905
63;782;0.0690255069639534
64;178;0.142995672952384
64;758;0.199753558402881
64;828;0.119434857321903
64;993;0.0295717308297753
65;280;0.170012647518888
65;283;0.1655976196751
65;837;0.0593146860599518
65;880;0.192129695508629
66;415;0.115504700923339
66;520;0.114112085662782
66;811;0.0533010397106409
66;882;0.0368060232140124
67;127;0.0199281374458224
67;737;0.166030638618395
67;830;0.0996362511534244
67;969;0.19857076513581
68;594;0.0980945143382996
68;669;0.0101507231127471
68;841;0.161952158482745
68;923;0.0781228296458721
69;387;0.133038085745648
69;531;0.00419312743470073
69;812;0.0914446994662285
69;954;0.115682958764955
70;248;0.0713050190825015
70;573;0.0853671547491103
70;587;0.17397056883201
70;819;0.0337935404852033
71;93;0.168127324571833
71;500;0.0897763483226299
71;618;0.110072705941275
71;937;0.169903353042901
72;242;0.183307352801785
72;690;0.00770565802231431
72;833;0.0852633011061698
72;888;0.164147378178313
73;90;0.171869868040085
73;243;0.0468694366049021
73;769;0.0397116549313068
73;895;0.165292360633612
74;302;0.0386725153308362
74;455;0.117570112412795
74;875;0.00111322002485394
74;990;0.0846428774297237
75;352;0.13344133622013
75;542;0.0399816785939038
75;618;0.127463803626597
75;641;0.111940830247477
76;515;0.164842130150646
76;568;0.0771183420438319
76;752;0.0922125396784395
76;780;0.0250133591704071
77;320;0.187928111478686
77;513;0.184889917774126
77;690;0.0550522134639323
77;905;0.172176143806428
78;446;0.0669984354171902
78;664;0.0712173319421709
78;912;0.142103923112154
78;962;0.142700047791004
79;726;0.194377676956356
79;855;0.0846194553654641
79;915;0.0541326384991407
79;991;0.0246843714732677
80;293;0.065802124934271
80;368;0.186029181675985
80;468;0.164700320316479
80;915;0.0730929607525468
81;752;0.154725724225864
81;821;0.074359848536551
81;932;0.145733449980617
81;968;0.114179210690781
82;492;0.100876846490428
82;708;0.00791723784059286
82;712;0.148015806591138
82;975;0.19473939598538
83;229;0.17109723337926
83;254;0.180650694807991
83;970;0.15280750375241
83;984;0.0323978743515909
84;284;0.19527339679189
84;684;0.0415836449712515
84;847;0.0341568852309138
84;918;0.01526890671812
85;212;0.0551403916440904
85;585;0.141777114430442
85;748;0.0909771626349539
85;986;0.0879397119395435
86;241;0.0732287133578211
86;242;0.144307736447081
86;514;0.144355142861605
86;989;0.093877529213205
87;143;0.112917836988345
87;695;0.191992329573259
87;884;0.0791277280543
87;926;0.0879489928483963
88;270;0.0511311098001897
88;286;0.123871708288789
88;590;0.090679159713909
88;901;0.19486807002686
89;123;0.136933753779158
89;719;0.0784863617736846
89;720;0.0135070515796542
89;817;0.151649934099987
90;73;0.000450006360188127
90;128;0.105693174805492
90;223;0.190090024936944
90;488;0.0521575415041298
91;104;0.14091357360594
91;423;0.0471704364288598
91;587;0.0342733473982662
91;887;0.167409327114001
92;538;0.0689213622827083
92;853;0.0283189656212926
92;876;0.199939101142809
92;939;0.0881158793345094
93;71;0.0933049153070897
93;480;0.126880668289959
93;510;0.00820202822797
93;545;0.137161515513435
94;332;0.0397172839846462
94;471;0.0921274432446808
94;904;0.0791834661737084
94;951;0.0638722393661737
95;238;0.126898210123181
95;609;0.0553743832278997
95;782;0.0182479839306325
95;818;0.159723954461515
96;340;0.0480358793400228
96;478;0.105092792632058
96;566;0.029101189179346
96;886;0.176528116595
96;938;0.19743070746772
97;228;0.0723097013775259
97;449;0.104305804381147
97;535;0.126545789744705
97;690;0.121734100300819
97;718;0.0654493231792003
98;347;0.0886427863501012
98;618;0.136685856571421
98;641;0.13296854197979
98;797;0.0654648577328771
98;851;0.0413393273949623
99;209;0.104813930066302
99;635;0.0622825961560011
99;800;0.0716118931304663
99;867;0.0730733335483819
99;950;0.0524253663606942
100;683;0.0430552617181093
100;831;0.155132491653785
100;837;0.0946804744657129
100;850;0.160037824325264
100;880;0.183235747925937
101;227;0.122144700447097
101;369;0.19735804842785
101;426;0.0483046427369118
101;496;0.00723712937906384
101;978;0.104809894226491
102;167;0.191236550034955
102;302;0.154314999328926
102;353;0.123805140936747
102;837;0.0662756304722279
102;880;0.0621326541993767
103;116;0.131358626764268
103;219;0.0297418885398656
103;494;0.0760585188865662
103;571;0.000158472824841738
103;579;0.0665632962714881
104;91;0.0513230750337243
104;236;0.0461417561396956
104;314;0.185745158884674
104;657;0.156173436250538
104;864;0.145244775339961
105;278;0.0946556156035513
105;338;0.0654369005933404
105;464;0.128337848139927
105;705;0.148182833846658
105;886;0.0364649380557239
106;193;0.192545599443838
106;257;0.0250502104870975
106;526;0.192795064672828
106;629;0.132484921999276
106;870;0.137899186927825
107;698;0.00905526112765074
107;704;0.156199410464615
107;718;0.182087683724239
107;729;0.171478695236146
107;885;0.0460767324082553
108;168;0.0459377661347389
108;169;0.0153199189342558
108;789;0.172004029294476
108;832;0.0497481716331095
108;913;0.0627953028306365
109;304;0.160247433790937
109;327;0.131690762005746
109;351;0.190819472167641
109;592;0.12239238047041
109;709;0.0232106918469071
110;211;0.166591237625107
110;337;0.125442468142137
110;688;0.0532837103120983
110;701;0.178865550737828
110;831;0.0575810350943357
111;443;0.0798868646845222
111;622;0.155523961782455
111;738;0.0434323661495
111;859;0.113769361935556
111;890;0.159626223985106
112;476;0.161198765551671
112;624;0.0272106011398137
112;628;0.0653542934916913
112;771;0.101623199228197
112;873;0.0122964599169791
113;117;0.156013001035899
113;293;0.0339303007815033
113;361;0.0469691978767514
113;468;0.149452848406509
113;762;0.146386561589316
114;370;0.112671498395503
114;415;0.040983758168295
114;606;0.0676560141611844
114;711;0.0632765483576804
114;956;0.0498711077962071
115;215;0.0986303223762661
115;450;0.142348534194753
115;635;0.0265033001080155
115;667;0.102578878635541
115;962;0.0695575627032667
116;103;0.019993712566793
116;171;0.198613568441942
116;185;0.13570650909096
116;222;0.099576036259532
116;579;0.0466383264865726
117;113;0.0953079964499921
117;533;0.173640522221103
117;693;0.128255622973666
117;762;0.14155355640687
117;793;0.0230071905069053
118;209;0.00647161505185068
118;452;0.0472310481127352
118;800;0.0930159638170153
118;867;0.160595523705706
118;950;0.178292840672657
119;124;0.0450328996870667
119;339;0.198271021759138
119;420;0.161666467599571
119;845;0.102244938816875
119;992;0.113471567304805
120;51;0.0905469270423055
120;480;0.0423382538370788
120;817;0.126769124390557
120;869;0.0707211177796125
120;897;0.177212538290769
121;49;0.126209268160164
121;213;0.108875156845897
121;501;0.0803652979899198
121;618;0.189568789443001
121;672;0.120442558312789
122;29;0.0610863079316914
122;199;0.00715105794370174
122;652;0.0710182858165354
122;681;0.175958444550633
122;753;0.118714937847108
123;89;0.155535041540861
123;630;0.197761841816828
123;728;0.125696882605553
123;744;0.0474201174918562
123;822;0.159261065488681
124;12;0.0213766798377037
124;119;0.104338586097583
124;420;0.184990574792027
124;490;0.136941551370546
124;917;0.177549442043528
125;356;0.0744559420272708
125;359;0.0377783582080156
125;460;0.194822195405141
125;604;0.00676325047388673
125;939;0.074135995330289
126;490;0.118359794607386
126;513;0.16728311595507
126;776;0.0746723422314972
126;878;0.198189726099372
126;960;0.0752866026479751
127;67;0.0954325411003083
127;246;0.12815414685756
127;398;0.100768736656755
127;553;0.0330791000742465
127;750;0.0444038749206811
128;46;0.163846653839573
128;90;0.0988666052464396
128;193;0.0392002043779939
128;386;0.184049152722582
128;422;0.00795742692425847
129;263;0.0593885114882141
129;412;0.0462547584902495
129;414;0.0845889145042747
129;509;0.162560864863917
129;651;0.158755978848785
130;305;0.0619406227488071
130;527;0.0912269080989063
130;769;0.189445297606289
130;774;0.136856765393168
130;877;0.0979821550659835
131;406;0.00298063927330077
131;473;0.013886585785076
131;618;0.049404500098899
131;941;0.113732613436878
131;998;0.166316773649305
132;372;0.0206052298191935
132;710;0.110616768663749
132;754;0.161610268522054
132;815;0.167935098242015
132;875;0.180890014860779
133;356;0.0129160102456808
133;359;0.122903161635622
133;666;0.0477531658951193
133;714;0.0834029193036258
133;979;0.186006169300526
134;193;0.065538086136803
134;254;0.101897915359586
134;264;0.148565109446645
134;680;0.0451306454371661
134;807;0.124421237362549
135;340;0.114244043594226
135;453;0.0945056937169284
135;514;0.00545179969631136
135;777;0.193711436260492
135;989;0.189555432600901
136;225;0.040672557009384
136;263;0.0903046758845449
136;788;0.171781415306032
136;861;0.0281556992791593
136;892;0.0989190374966711
137;226;0.155385263590142
137;521;0.171887772809714
137;726;0.076834857929498
137;763;0.157226208411157
137;800;0.194639668334275
138;158;0.0273377299308777
138;502;0.0309065958019346
138;563;0.0639822073280811
138;602;0.19552219430916
138;753;0.102330113202333
139;275;0.104442953970283
139;291;0.0824516400229186
139;422;0.0515064149163663
139;619;0.191512471064925
139;893;0.00521054267883301
140;43;0.0587140822783113
140;196;0.181838572351262
140;378;0.112894881609827
140;686;0.115167493373156
140;739;0.0391546420753002
141;314;0.0179543536156416
141;628;0.133873336110264
141;811;0.171181786060333
141;860;0.150215039076284
141;922;0.158732511568815
142;353;0.0297837098129094
142;558;0.0967850394081324
142;633;0.0523234223481268
142;835;0.152702111005783
142;947;0.168985425727442
143;87;0.163391193561256
143;386;0.079863995872438
143;434;0.0510681117884815
143;454;0.16573298946023
143;523;0.0738884165417403
144;288;0.0163348960224539
144;446;0.185544337378815
144;750;0.0037337489426136
144;894;0.142940745316446
144;912;0.108882878022268
145;284;0.0178933587390929
145;297;0.0621088389307261
145;606;0.158216598210856
145;743;0.156575030600652
145;963;0.131083731353283
146;574;0.194272329192609
146;753;0.0518213868606836
146;796;0.193904745625332
146;856;0.118348773987964
146;977;0.195860767969862
147;199;0.167721401154995
147;357;0.130770551972091
147;488;0.134065478201956
147;506;0.131809177109972
147;537;0.171139750303701
148;363;0.0225718434434384
148;493;0.145640663197264
148;534;0.0287250605411828
148;811;0.180633073858917
148;928;0.0540894939098507
149;262;0.0966191189363599
149;403;0.156448825960979
149;482;0.129988877149299
149;720;0.0885199956130236
149;844;0.115913393069059
150;155;0.0629565551877022
150;216;0.0854935331270099
150;577;0.0924805196467787
150;658;0.0424706673715264
150;930;0.155029537528753
151;201;0.153095795726404
151;217;0.0389434652402997
151;411;0.0203754748217762
151;563;0.111050444236025
151;765;0.0624918831046671
152;258;0.0859991873148829
152;419;0.111905778246
152;484;0.00881113801151514
152;505;0.174723508581519
152;994;0.0881420361343771
153;217;0.0962752455379814
153;489;0.151540715293959
153;521;0.145629705861211
153;803;0.100825529964641
153;808;0.170359403314069
154;175;0.00539207779802382
154;186;0.159737589163706
154;218;0.0932924408465624
154;323;0.0830432257149369
154;905;0.170768791809678
155;150;0.17073727818206
155;305;0.0965928936377168
155;486;0.125070392666385
155;658;0.190021501062438
155;946;0.0789075770881027
156;2;0.115189600735903
156;187;0.142297219531611
156;682;0.14348715050146
156;694;0.066281681554392
156;983;0.0436042341869324
157;162;0.0394051684532315
157;172;0.0262830805033445
157;613;0.0373228794429451
157;639;0.176902434043586
157;717;0.0935433800332248
158;138;0.171956465486437
158;199;0.147470461204648
158;307;0.130058050667867
158;429;0.121325945947319
158;853;0.0174651479814202
159;39;0.019086230546236
159;616;0.0527107887435704
159;733;0.0675875629298389
159;747;0.110621671471745
159;851;0.0793435469735414
160;435;0.0160584724973887
160;592;0.0770640004891902
160;805;0.185763260535896
160;894;0.190388307115063
160;949;0.10396609371528
161;200;0.135027040634304
161;257;0.0855460852384567
161;337;0.127604639809579
161;417;0.115941535402089
161;918;0.186889073252678
162;157;0.198321906896308
162;172;0.179762372141704
162;426;0.17118103755638
162;566;0.127881020167843
162;600;0.181630550604314
163;219;0.0782972504850477
163;222;0.118305090535432
163;818;0.0667313953861594
163;847;0.0839146034792066
163;942;0.125792585778981
164;198;0.0900481211952865
164;367;0.155390933342278
164;488;0.0993306713178754
164;621;0.0539483566302806
164;976;0.0442963961046189
165;193;0.012201643595472
165;318;0.0245503891725093
165;624;0.066868004295975
165;628;0.102940362552181
165;859;0.0187236291356385
166;279;0.106952184159309
166;360;0.0945816373918206
166;404;0.110290837520733
166;554;0.193901282222942
166;882;0.153107012016699
167;102;0.163692989014089
167;297;0.0451577286701649
167;440;0.133214227063581
167;680;0.053763664746657
167;984;0.0103609823156148
168;108;0.099359856499359
168;430;0.0500139951240271
168;615;0.138555973302573
168;766;0.0912442260887474
168;860;0.107219857908785
169;108;0.00427113706246018
169;430;0.0155999189242721
169;536;0.0159080495126545
169;789;0.0762303536292166
169;938;0.0918954303022474
170;173;0.1149538975209
170;177;0.178443823987618
170;332;0.10211745062843
170;852;0.125833202525973
170;885;0.0201496986206621
171;116;0.090726680867374
171;400;0.148899784497917
171;793;0.177009725989774
171;834;0.0616075358819217
171;885;0.157674755482003
172;157;0.013799403142184
172;162;0.125088757509366
172;491;0.149310223432258
172;629;0.0836964216083288
172;812;0.0422667283099145
173;170;0.133516932558268
173;177;0.00181537149474025
173;183;0.0315104275476187
173;424;0.1083536635153
173;906;0.172403302136809
174;333;0.0125639072619379
174;374;0.111682849284261
174;592;0.0382839900441468
174;725;0.135024985531345
174;767;0.0203126781620085
175;154;0.0802984693553299
175;186;0.106445134244859
175;705;0.10548614510335
175;933;0.194727762788534
175;996;0.0221098760608584
176;350;0.178082626499236
176;667;0.163794371671975
176;675;0.00147761646658182
176;734;0.141471300879493
176;979;0.0580177110154182
177;170;0.138122754823416
177;173;0.150976748857647
177;241;0.0230211120098829
177;269;0.086819311697036
177;332;0.146123226266354
178;64;0.064125567022711
178;369;0.183370729489252
178;408;0.118798655970022
178;722;0.130511498590931
178;767;0.102655084664002
179;17;0.048783716885373
179;217;0.0419325746130198
179;567;0.153488264000043
179;803;0.013969400478527
179;924;0.0854358552955091
180;60;0.0759494176600128
180;663;0.00910797868855298
180;737;0.14136419002898
180;750;0.0314221708104014
180;830;0.00233044177293777
181;310;0.151522478181869
181;330;0.132833132473752
181;486;0.0667759981472045
181;811;0.154888590378687
181;884;0.119911610102281
182;377;0.0439008045010269
182;667;0.110311755537987
182;815;0.106175594078377
182;829;0.115162544418126
182;914;0.0995172280818224
183;173;0.107102464977652
183;364;0.145345812477171
183;634;0.00142661714926362
183;868;0.188065249659121
183;962;0.1393200667575
184;222;0.0257402110379189
184;519;0.0299850118346512
184;609;0.000143106607720256
184;757;0.0873180749826133
184;898;0.115392144490033
185;116;0.0237318630330265
185;609;0.00783234392292798
185;669;0.186829596944153
185;742;0.0828103695530444
185;818;0.0251207008957863
186;154;0.00068604820407927
186;175;0.165885803056881
186;290;0.179565290454775
186;759;0.102818109607324
186;772;0.0619940776843578
187;156;0.00604505036026239
187;399;0.120369509560987
187;694;0.0256397717632353
187;847;0.146425532270223
187;899;0.0293528880923986
188;335;0.0542419137898833
188;454;0.036009484808892
188;606;0.169094540085644
188;675;0.116944165341556
188;940;0.137940441304818
189;425;0.0797389939893037
189;592;0.0261626805178821
189;725;0.142917495500296
189;747;0.0906627555843443
189;805;0.138114013848826
190;197;0.105591290583834
190;301;0.0523762871045619
190;671;0.115694884303957
190;781;0.00766072333790362
190;895;0.180386652145535
191;294;0.0547199961263686
191;556;0.147015408938751
191;571;0.176193646388128
191;767;0.128909968165681
191;902;0.0340134881902486
192;615;0.116934493696317
192;736;0.020548777282238
192;811;0.165740076079965
192;835;0.12853910443373
192;860;0.124797641672194
193;106;0.100046323053539
193;128;0.0514966269955039
193;134;0.134662903938442
193;165;0.111664660554379
193;846;0.0865917628630996
194;487;0.0526141429785639
194;524;0.100913947820663
194;530;0.0988789588212967
194;955;0.0954944693949074
194;980;0.18185600200668
195;287;0.156069995043799
195;506;0.157853164803237
195;765;0.0762661070097238
195;915;0.0835392655804753
195;934;0.00309111871756613
196;140;0.150478894822299
196;322;0.0611565653700382
196;640;0.135244189808145
196;836;0.136171647161245
196;926;0.062137402407825
197;190;0.0185951219405979
197;365;0.00112949134781957
197;685;0.00257040522992611
197;686;0.0535760888829827
197;788;0.041763131506741
197;808;0.19315685108304
198;164;0.0372955163940787
198;213;0.0877561427652836
198;526;0.0836327862460166
198;640;0.0838655009865761
198;641;0.0908637449145317
198;833;0.0509408495854586
199;122;0.0527810874860734
199;147;0.187654098961502
199;158;0.00763717512600124
199;299;0.0209752900991589
199;753;0.123309373995289
199;825;0.0345609536860138
200;2;0.195236439723521
200;161;0.00196618135087192
200;221;0.16154025294818
200;244;0.0592118790373206
200;370;0.125286431936547
200;694;0.0753694286569953
201;151;0.136444607237354
201;424;0.0406486724503338
201;469;0.0444654698483646
201;512;0.0501561204437166
201;639;0.0631270445883274
201;843;0.134517441131175
202;205;0.188574159983546
202;350;0.0473448468837887
202;570;0.122800581809133
202;734;0.141272151004523
202;876;0.116435808409005
202;906;0.0253401102032512
203;379;0.0205517235212028
203;458;0.1945731587708
203;784;0.198992205504328
203;806;0.116709276102483
203;836;0.145450049359351
203;863;0.00110391089692712
204;272;0.175549338571727
204;422;0.0534140823408961
204;710;0.173973584920168
204;746;0.0341916498262435
204;778;0.0828064863570035
204;829;0.0256024649832398
205;202;0.0778987648896873
205;529;0.0840957700274885
205;532;0.0675299655646086
205;695;0.179137243609875
205;891;0.0102372335735708
205;936;0.0411068885121495
206;255;0.0748985458631068
206;285;0.0933180498890579
206;781;0.0381951695773751
206;920;0.075412458460778
206;982;0.0460325195454061
207;218;0.0402498230803758
207;281;0.107304854178801
207;294;0.0421009915415198
207;344;0.101834655925632
207;360;0.19670814294368
207;607;0.152583458833396
208;230;0.0562718665227294
208;262;0.0618118624202907
208;497;0.177458102814853
208;601;0.193931450694799
208;897;0.194148548971862
208;901;0.0804941965267062
209;99;0.189517520042136
209;118;0.021813832083717
209;590;0.01701301173307
209;867;0.182904439978302
209;950;0.0276634770911187
209;991;0.128285926161334
210;62;0.123976429179311
210;533;0.161586388759315
210;677;0.170092790899798
210;693;0.0399963407311589
210;762;0.0711385913658887
210;834;0.156770789436996
211;52;0.0602519570384175
211;110;0.0794714965391904
211;568;0.0434560163412243
211;701;0.00777400056831539
211;806;0.0729161816649139
211;933;0.173525475058705
212;85;0.147117823455483
212;334;0.0413148920051754
212;439;0.187980824662372
212;843;0.113538544345647
212;947;0.00314648733474314
212;977;0.0600951736792922
213;121;0.0454630076419562
213;198;0.0380196841899306
213;316;0.101750708511099
213;797;0.161364643182606
213;839;0.146529746148735
213;899;0.155944787198678
214;437;0.143848025845364
214;521;0.137368488032371
214;553;0.0612460206728429
214;603;0.059249819861725
214;806;0.177356135193259
214;933;0.168889636360109
215;115;0.123088657250628
215;336;0.109627176774666
215;780;0.0886839280836284
215;821;0.0453346759080887
215;856;0.0119181452784687
215;968;0.178039720375091
216;150;0.10705728889443
216;467;0.0522024284582585
216;577;0.0677381903398782
216;658;0.130225871084258
216;931;0.176097053289413
216;987;0.150548625690863
217;151;0.129143479606137
217;153;0.00888009998016059
217;179;0.145608844701201
217;226;0.137809259071946
217;432;0.0345405340194702
217;763;0.169965435191989
218;154;0.142389192059636
218;207;0.0194669986143708
218;589;0.0172566103283316
218;749;0.000785192241892219
218;848;0.152208381844684
218;919;0.0813658187165856
219;103;0.085911718569696
219;163;0.0958249488379806
219;360;0.149134688172489
219;464;0.10910282721743
219;519;0.0703063006047159
219;898;0.150364775629714
220;380;0.0542330547701567
220;445;0.0748677661176771
220;499;0.0756268733646721
220;792;0.0458544929046184
220;830;0.056467324309051
220;840;0.081282108463347
221;200;0.130288419080898
221;292;0.18331269370392
221;560;0.0564779104199261
221;694;0.139922857843339
221;847;0.12313768202439
221;991;0.178188149537891
222;116;0.0551133724395186
222;163;0.00487599694170058
222;184;0.0128125650808215
222;238;0.193224443867803
222;406;0.120929641695693
222;481;0.0542474173009396
223;90;0.0388175931293517
223;488;0.11619696081616
223;652;0.0370689504779875
223;809;0.128724244004115
223;846;0.031707669980824
223;975;0.044295338075608
224;492;0.0511604203376919
224;625;0.0783394408877939
224;651;0.0323999966029078
224;663;0.0851179977413267
224;702;0.0669918052386493
224;798;0.192807278735563
225;136;0.145365418680012
225;264;0.199542384734377
225;317;0.118951584585011
225;412;0.099409836390987
225;414;0.0311699599027634
225;798;0.152629191009328
226;137;0.0380097608081996
226;217;0.198886264907196
226;465;0.116445012623444
226;540;0.172831378504634
226;726;0.0604546103160828
226;874;0.149348700419068
227;101;0.189517675340176
227;408;0.0631153720896691
227;426;0.101559836510569
227;628;0.0666775629855692
227;668;0.0632124019786715
227;783;0.123094104044139
228;97;0.097798856953159
228;385;0.189647635491565
228;554;0.157311823498458
228;602;0.167949628876522
228;690;0.182807446504012
228;704;0.0550365355331451
229;83;0.00890008439309895
229;472;0.110935811325908
229;546;0.0439119290560484
229;588;0.19303890094161
229;680;0.0325957608409226
229;970;0.160115643683821
230;4;0.140933861956
230;208;0.0284292969387025
230;543;0.0880128005985171
230;816;0.017755559599027
230;956;0.112857257062569
230;971;0.00116185103543103
231;320;0.0522937892004848
231;376;0.177581257047132
231;527;0.088528315583244
231;574;0.0230035529471934
231;725;0.122911894693971
231;880;0.105255941534415
232;13;0.0706965720281005
232;360;0.0650644479785114
232;412;0.0962898221798241
232;651;0.0167983252089471
232;702;0.0213842941913754
232;715;0.0300273799803108
233;247;0.0875594909768552
233;250;0.168386582424864
233;553;0.0564026196021587
233;561;0.108974326308817
233;610;0.172647539060563
233;886;0.0177242473233491
234;322;0.194059326639399
234;326;0.0821568995248526
234;441;0.136775743588805
234;498;0.0465233399998397
234;599;0.0136048948392272
234;820;0.106032380694523
235;24;0.11995378579013
235;236;0.081224466022104
235;361;0.187911691563204
235;578;0.0584021171089262
235;807;0.00676477635279298
235;887;0.11939324522391
236;104;0.142097424715757
236;235;0.194144135341048
236;371;0.0426785819698125
236;404;0.151332677109167
236;504;0.0876897293608636
236;657;0.0924143753014505
237;433;0.142961675580591
237;476;0.154084261739627
237;684;0.105127081554383
237;698;0.0553371526766568
237;744;0.14999051480554
237;909;0.121231225319207
238;95;0.132711165305227
238;222;0.0142440302297473
238;599;0.180883836746216
238;790;0.0129994811955839
238;818;0.15614485098049
238;898;0.117422535689548
239;554;0.026122477138415
239;557;0.00588973108679056
239;765;0.0463862509001046
239;804;0.184678005520254
239;908;0.18446244080551
239;980;0.0343745836988091
240;315;0.012675646552816
240;493;0.00645385906100273
240;764;0.133569041825831
240;793;0.0897178349550813
240;814;0.0298276701942086
240;836;0.0770359101705253
241;86;0.139586056396365
241;177;0.0581325886305422
241;380;0.0084115210454911
241;436;0.0117472578771412
241;904;0.133065804699436
241;925;0.016228199005127
242;72;0.0995567681733519
242;86;0.0268503463827074
242;599;0.107065276475623
242;649;0.132557041430846
242;839;0.0653599791694432
242;905;0.097365366993472
243;73;0.118663899693638
243;393;0.0360660472419113
243;448;0.186366245010868
243;596;0.0333446909207851
243;716;0.149371174164116
243;841;0.0829126433935016
244;3;0.0104280681814998
244;200;0.0361705515533686
244;417;0.144839788367972
244;682;0.096348234731704
244;899;0.00749339130707085
244;918;0.0963400340173394
245;500;0.030167360464111
245;632;0.160633222665638
245;641;0.00922026294283569
245;672;0.100062340823933
245;755;0.128381322231144
245;862;0.155661181919277
246;127;0.0909334708470851
246;250;0.0500646408181638
246;425;0.188159507652745
246;681;0.0609345475677401
246;724;0.0442086391150951
246;969;0.0212907506618649
247;60;0.101433347770944
247;233;0.0458428908605129
247;279;0.164252482401207
247;398;0.116047069709748
247;614;0.0180813982151449
247;750;0.0577528762165457
248;70;0.116093373205513
248;573;0.0105585497803986
248;581;0.158144927863032
248;684;0.129433528939262
248;819;0.0384171075187624
248;981;0.115545768802986
249;17;0.027509298780933
249;517;0.109675022028387
249;527;0.119829835789278
249;763;0.0482694510370493
249;803;0.172898756572977
249;874;0.0151221243664622
250;233;0.184686848381534
250;246;0.0715901474934071
250;610;0.0228505954146385
250;771;0.190225390344858
250;796;0.119860171619803
250;804;0.0639680529013276
251;300;0.0727860854472965
251;502;0.0268820522818714
251;517;0.0145087073557079
251;661;0.190963178221136
251;706;0.0256354565732181
251;820;0.108350678998977
252;307;0.051698323013261
252;406;0.0203127258922905
252;421;0.104066135687754
252;609;0.162662251293659
252;879;0.183578151185066
252;898;0.168559541879222
253;344;0.0312527731060982
253;402;0.191940015787259
253;523;0.032950774859637
253;524;0.115606774576008
253;555;0.199905674159527
253;966;0.138343552639708
254;83;0.100155982514843
254;134;0.151403056643903
254;442;0.0333534351084381
254;680;0.172167230583727
254;870;0.139017214858904
254;970;0.121687752567232
255;206;0.0690632872283459
255;285;0.160051444685087
255;552;0.160121686663479
255;781;0.155687268357724
255;920;0.134119656262919
255;982;0.163368976768106
256;283;0.177629958232865
256;369;0.110082054929808
256;652;0.116960909124464
256;826;0.0468553610146046
256;922;0.0828853791579604
256;978;0.0807964658830315
257;106;0.183015627972782
257;161;0.0282894941978157
257;313;0.160095490375534
257;666;0.0349178867880255
257;852;0.0590515420306474
257;944;0.00126389861106873
258;14;0.0960500229615718
258;152;0.0163444069679827
258;457;0.198916049394757
258;529;0.191856611473486
258;531;0.145427587116137
258;994;0.198751381831244
259;375;0.0335053697228432
259;590;0.1262309061829
259;595;0.168900119233876
259;715;0.18561996081844
259;730;0.160386750707403
259;767;0.188526650657877
260;61;0.129280067281798
260;688;0.0866046024952084
260;717;0.115190962562338
260;881;0.126471368502826
260;938;0.124906170880422
260;995;0.060399167612195
261;374;0.0801324774045497
261;574;0.0380052668508142
261;733;0.130026920931414
261;747;0.0626233799383044
261;854;0.106373998429626
261;949;0.105963490949944
262;58;0.0942320841830224
262;149;0.0487534625455737
262;208;0.154074081685394
262;844;0.170112695964053
262;869;0.0416287607047707
262;897;0.191189687279984
263;129;0.00120726055465639
263;136;0.116977553721517
263;509;0.101492997724563
263;617;0.105073195276782
263;702;0.101282034348696
263;861;0.0914068246260285
264;13;0.0472587727941573
264;134;0.172545760497451
264;225;0.00136145269498229
264;333;0.0451376777607948
264;509;0.012912338739261
264;798;0.0976512062828988
265;498;0.172301959758624
265;538;0.0890901752281934
265;598;0.028125231154263
265;691;0.0736011100467295
265;768;0.096361323678866
265;825;0.130281559797004
266;649;0.0175722437445074
266;663;0.19026057892479
266;733;0.0156377348583192
266;792;0.0839127624873072
266;817;0.0141891560982913
266;894;0.0640319698955864
267;346;0.0564714465755969
267;416;0.0647115900181234
267;570;0.184369553998113
267;659;0.0801861768588424
267;801;0.0745273902080953
267;853;0.0688201347831637
268;503;0.0953917435370386
268;697;0.0201507996302098
268;783;0.0838625460397452
268;802;0.169124242896214
268;948;0.19582945369184
268;959;0.0245651882141829
269;177;0.168237399170175
269;351;0.0297004541382194
269;634;0.0656600914895535
269;736;0.191434970498085
269;850;0.0869109481107444
269;904;0.189504646742716
270;88;0.197142828768119
270;508;0.0297718414571136
270;601;0.104979684622958
270;844;0.142332087783143
270;869;0.00738939205184579
270;966;0.186642487626523
271;349;0.0145240768324584
271;542;0.0600555459037423
271;660;0.0728200433775783
271;735;0.193776682112366
271;941;0.153939381567761
271;953;0.124491836642846
272;204;0.107470566080883
272;275;0.0828277921304107
272;287;0.0128680338151753
272;605;0.0362132398411632
272;649;0.0755356364883483
272;829;0.00861445353366435
273;49;0.163006179081276
273;466;0.0717375972308218
273;756;0.0613855649717152
273;851;0.169527084939182
273;961;0.181015115836635
273;992;0.0131794810295105
274;587;0.124933968391269
274;715;0.140426500607282
274;723;0.0918273384217173
274;857;0.0264843616634607
274;964;0.105387435806915
274;999;0.101291821803898
275;139;0.0879796299152076
275;272;0.191563371522352
275;507;0.0146528076846153
275;605;0.130244379444048
275;754;0.126595800695941
275;967;0.184001377224922
276;306;0.104160319268703
276;635;0.183030857192352
276;638;0.00446442058309913
276;682;0.0263342110440135
276;867;0.181606784788892
276;950;0.19022732055746
277;555;0.175980018824339
277;686;0.17380596511066
277;727;0.142719526635483
277;962;0.140050585661083
277;971;0.139900773065165
277;975;0.151062776707113
278;105;0.152672553248703
278;507;0.187375535583124
278;723;0.0287642293609679
278;776;0.0970590629149228
278;886;0.0666184070985764
278;964;0.184821382956579
279;25;0.130055410787463
279;166;0.188724800478667
279;247;0.092379122087732
279;526;0.088783553801477
279;789;0.0937679308466613
279;913;0.0126301683951169
280;65;0.171724629867822
280;353;0.177980699436739
280;455;0.00454292050562799
280;647;0.0913977877236903
280;683;0.137919754348695
280;990;0.169856954785064
281;207;0.0300855151377618
281;475;0.108584249811247
281;772;0.146749515924603
281;853;0.0590409990400076
281;921;0.0604748754296452
281;957;0.153916184604168
282;289;0.00102554736658931
282;309;0.112216281099245
282;482;0.121244244556874
282;699;0.0931846319232136
282;817;0.0310100173577666
282;869;0.0828047072980553
283;65;0.0840462199877948
283;256;0.11628623357974
283;371;0.0995952039491385
283;398;0.096932137478143
283;683;0.0765794759616256
283;826;0.143028345471248
284;84;0.190386489871889
284;145;0.063561126915738
284;417;0.146160313673317
284;560;0.0545650489628315
284;735;0.0386230775620788
284;847;0.17003180985339
285;206;0.133618762437254
285;255;0.168667106563225
285;781;0.114164405176416
285;795;0.000969548104330897
285;920;0.0350373599678278
285;982;0.0993670628871769
286;88;0.106576311774552
286;403;0.187664817227051
286;508;0.0734123874921352
286;648;0.00312748472206295
286;719;0.153771096561104
286;721;0.0988352332729846
287;195;0.197125137411058
287;272;0.110741451010108
287;440;0.169675059663132
287;442;0.171314122248441
287;944;0.0354839423205704
287;970;0.167997950874269
288;144;0.0675458498764783
288;308;0.119903667923063
288;545;0.144404457509518
288;597;0.0141946743708104
288;843;0.0581507246941328
288;889;0.00766888670623302
289;282;0.199977204250172
289;439;0.118110692547634
289;470;0.0242923343554139
289;553;0.157469285419211
289;610;0.127766882209107
289;681;0.0652953901328146
290;186;0.119616736285388
290;481;0.133353729685769
290;539;0.169866016088054
290;546;0.172642146283761
290;697;0.192470537638292
290;891;0.0837650632951409
291;139;0.0260266276076436
291;402;0.0316834322176874
291;516;0.113608579616994
291;643;0.112781523028389
291;699;0.0977787822950631
291;760;0.148718654643744
292;221;0.194950177194551
292;337;0.00324117327108979
292;711;0.0657328745815903
292;828;0.0911966364830732
292;847;0.096042233100161
292;991;0.140020981943235
293;80;0.155816215742379
293;113;0.174937031045556
293;468;0.00213664169423282
293;693;0.0271801088005304
293;762;0.0757239961531013
293;834;0.043390656914562
294;37;0.147279050573707
294;191;0.140894153527915
294;207;0.0752169774845243
294;795;0.0173287629615515
294;925;0.163841472379863
294;952;0.150282812817022
295;51;0.193645974574611
295;304;0.172131683630869
295;524;0.107327420124784
295;747;0.103857238451019
295;882;0.0915887996088713
295;912;0.0980252719949931
296;397;0.0566805909387767
296;426;0.0957839162088931
296;632;0.194756369665265
296;854;0.0525935613550246
296;923;0.0936956000514328
296;932;0.0411134530324489
297;145;0.0490351859480143
297;167;0.0543096861802042
297;680;0.0346012447495013
297;944;0.0206994058564305
297;970;0.192307830229402
297;984;0.104932766407728
298;573;0.01163719301112
298;587;0.197300845244899
298;598;0.0309105857741088
298;786;0.0929905714001507
298;870;0.125929249171168
298;981;0.0682592943776399
299;55;0.0508041253779083
299;199;0.167498036613688
299;446;0.117736041964963
299;518;0.154770847037435
299;602;0.195038887253031
299;779;0.16143325259909
300;251;0.13687214050442
300;367;0.17400302332826
300;544;0.174350536614656
300;696;0.0598049480933696
300;820;0.0382060245145112
300;935;0.192358473315835
301;190;0.00337993036955595
301;345;0.140786342648789
301;524;0.0985932119656354
301;644;0.0682419054675847
301;804;0.020348130306229
301;893;0.0767207297962159
302;27;0.0538885395973921
302;74;0.036788524966687
302;102;0.114248282182962
302;321;0.135420286096632
302;831;0.0632979914546013
302;973;0.120984144043177
303;441;0.14046099903062
303;447;0.137035990646109
303;510;0.0371769825462252
303;547;0.0695277796592563
303;571;0.0276949081104249
303;935;0.024779700441286
304;40;0.132474691513926
304;109;0.0575825712177903
304;295;0.159170202678069
304;366;0.112121871206909
304;676;0.0444318935740739
304;729;0.16562577644363
305;130;0.0817544818390161
305;155;0.00210016476921737
305;479;0.0381924414541572
305;779;0.196809814171866
305;872;0.0614430100191385
305;922;0.113097714958712
306;276;0.158415671717376
306;438;0.156143519748002
306;480;0.0112733253277838
306;577;0.0962549354415387
306;654;0.0624248993117362
306;877;0.179975219490007
307;158;0.055195442494005
307;252;0.116997837042436
307;713;0.0246680103242397
307;753;0.0614980450831354
307;934;0.0541003636550158
307;940;0.0596763977315277
308;288;0.124194632191211
308;624;0.0763513023499399
308;703;0.164188178721815
308;852;0.171566895581782
308;873;0.0427716140635312
308;889;0.0988260925747454
309;282;0.0901060582604259
309;453;0.154855549242347
309;643;0.153601311706007
309;808;0.181274524191394
309;821;0.0719913619104773
309;901;0.123849875386804
310;7;0.0681129847187549
310;181;0.157593954261392
310;479;0.164498654892668
310;884;0.0645036179106683
310;931;0.000261386577039957
310;946;0.0815649368334562
311;328;0.00911153126507998
311;409;0.143981492286548
311;719;0.125972931180149
311;878;0.165378132835031
311;923;0.0427334925159812
311;943;0.197250096313655
312;46;0.0102360070683062
312;603;0.176201228331774
312;662;0.113828897988424
312;759;0.12101743654348
312;809;0.188220106577501
312;951;0.185823853733018
313;257;0.0923326057847589
313;356;0.181772838020697
313;460;0.0912125828675926
313;659;0.105488371988758
313;714;0.193737040553242
313;740;0.171678502112627
314;104;0.0461595617700368
314;141;0.0944620540365577
314;318;0.0242857145611197
314;363;0.0750726277939975
314;826;0.190167553536594
314;852;0.00822493233717978
315;240;0.194844398321584
315;349;0.00587738705798984
315;542;0.094916926510632
315;616;0.146748119266704
315;626;0.151479699881747
315;844;0.118562127929181
316;213;0.0573403559625149
316;479;0.0708851428702474
316;581;0.0775599789340049
316;636;0.153389509953558
316;720;0.159176677837968
316;840;0.0332078437320888
317;225;0.111409089434892
317;328;0.179855503188446
317;533;0.12811173107475
317;663;0.0799393595661968
317;715;0.103164721699432
317;883;0.0174595461227
318;165;0.159222980961204
318;314;0.0153362073004246
318;396;0.0727017043624073
318;452;0.0380868083797395
318;652;0.168887332594022
318;668;0.0295137613080442
319;333;0.0477720097638667
319;537;0.109739914163947
319;636;0.125551883503795
319;644;0.00111787184141576
319;893;0.0570762222167105
319;934;0.159104291908443
320;39;0.14539880566299
320;77;0.110051091108471
320;231;0.00294620883651078
320;388;0.0649456149432808
320;646;0.137363497819752
320;770;0.0879184592980892
320;946;0.0850270275492221
321;302;0.0587757644243538
321;353;0.0438173414673656
321;481;0.0781989933922887
321;593;0.191819073725492
321;646;0.0693148436490446
321;683;0.0861574745271355
321;880;0.0727334438823164
322;196;0.142745020613074
322;234;0.0791445784270763
322;358;0.147041268739849
322;739;0.158031621249393
322;849;0.18978438465856
322;895;0.040738543914631
322;930;0.107214130321518
323;61;0.0487537161447108
323;154;0.137970164930448
323;423;0.0189885593485087
323;543;0.184462455799803
323;545;0.019290504977107
323;604;0.0546836805995554
323;691;0.0925085228867829
324;386;0.0702868807129562
324;488;0.0920810834039003
324;591;0.0633922986220569
324;765;0.142591455718502
324;774;0.143027216941118
324;809;0.153220672020689
324;846;0.136297598388046
325;400;0.0709101773332804
325;459;0.0614852242171764
325;469;0.0502873823046684
325;606;0.0484848484396935
325;625;0.0619580155238509
325;711;0.073519582580775
325;757;0.18312066225335
326;234;0.0297571848612279
326;448;0.136188089149073
326;502;0.108722579013556
326;527;0.0675524659920484
326;688;0.138865150744095
326;841;0.0624036968685687
326;949;0.0640136297792196
327;5;0.018395879631862
327;109;0.171735092112795
327;433;0.0703409283421934
327;674;0.0721590356435627
327;866;0.116780449356884
327;942;0.154701919155195
327;972;0.103751731896773
328;311;0.00508006783202291
328;317;0.113583407085389
328;380;0.0576807646080852
328;523;0.0728506115730852
328;582;0.126387407258153
328;603;0.196422830456868
328;692;0.155338749336079
329;381;0.0478347991127521
329;424;0.148014798434451
329;449;0.140748539473861
329;586;0.0107019970193505
329;802;0.141007276624441
329;867;0.0459374380297959
329;868;0.0632588731590659
330;181;0.00170052801258862
330;570;0.161967480136082
330;671;0.00696669346652925
330;820;0.0896642892155796
330;842;0.0211601695977151
330;903;0.171140820439905
330;926;0.18817918584682
331;491;0.000242968229576945
331;622;0.144832661049441
331;738;0.0268276666291058
331;743;0.197137904167175
331;859;0.021476304391399
331;890;0.0709488258697093
331;963;0.193927832040936
332;94;0.0802826100029051
332;170;0.169094414683059
332;177;0.144280016375706
332;471;0.145241467980668
332;569;0.196035558544099
332;599;0.111172822490335
332;756;0.163539775786921
333;174;0.154955598851666
333;264;0.0954065029509366
333;319;0.0544081158470362
333;475;0.0272982763592154
333;537;0.0996266417205334
333;589;0.170902224676684
333;592;0.0686745493672788
334;32;0.153234679996967
334;212;0.00214856872335076
334;597;0.117775053624064
334;748;0.0151037548203021
334;843;0.0797854834701866
334;889;0.176573600945994
334;957;0.0142538100481033
335;188;0.159219149732962
335;495;0.0711109795607626
335;522;0.0310762132052332
335;561;0.016159227443859
335;621;0.182077551214024
335;814;0.188215265003964
335;995;0.0574860448949039
336;215;0.181286488100886
336;515;0.00716455411165953
336;566;0.128934801416472
336;692;0.00964935170486569
336;812;0.0854895674157888
336;821;0.100201227376238
336;954;0.139245811011642
337;110;0.00752919064834714
337;161;0.129515683231875
337;292;0.0506806205492467
337;576;0.180384995462373
337;632;0.132195722358301
337;673;0.0276552665047348
337;682;0.0246117152273655
338;105;0.182832473050803
338;565;0.038317019212991
338;578;0.128277864074335
338;603;0.139898452162743
338;744;0.140495744021609
338;757;0.0670483267866075
338;981;0.0108414571732283
339;119;0.108626008359715
339;490;0.106083125527948
339;775;0.165025598928332
339;845;0.0401321485638619
339;873;0.043657462624833
339;917;0.116938046459109
339;958;0.115746936202049
340;96;0.0720551945269108
340;135;0.103402820043266
340;373;0.104283820325509
340;396;0.107553870044649
340;600;0.0272755711339414
340;907;0.175438095536083
340;989;0.130123224761337
341;376;0.144253538828343
341;388;0.0265814769081771
341;725;0.174781025620177
341;770;0.0428640527650714
341;805;0.0489451277069747
341;949;0.187905377103016
341;972;0.187585046654567
342;354;0.0504934274591506
342;550;0.00322171174921095
342;655;0.036852669576183
342;775;0.082762000290677
342;917;0.140429030871019
342;941;0.199689036933705
342;994;0.191731195524335
343;414;0.0195004634093493
343;438;0.0613713858649135
343;509;0.0277803021948785
343;547;0.124772080173716
343;663;0.0763568941038102
343;761;0.0984049502294511
343;788;0.0322052664589137
344;207;0.163142332108691
344;253;0.127257259376347
344;437;0.0624341464601457
344;523;0.0074907558504492
344;603;0.116744733881205
344;782;0.0161475655157119
344;919;0.155871073389426
345;301;0.15840797717683
345;582;0.0404522547032684
345;643;0.0494970524217933
345;760;0.121572862798348
345;824;0.00873713153414428
345;910;0.147909159213305
345;911;0.0979912392329425
346;41;0.0123630287591368
346;267;0.135725046508014
346;538;0.0803650114219636
346;659;0.0338040890172124
346;876;0.103229682100937
346;906;0.061763468477875
346;925;0.156959349382669
347;23;0.0328573757782578
347;98;0.00743192252703011
347;352;0.196482023922727
347;382;0.135804781224579
347;428;0.083744840696454
347;500;0.167289139749482
347;589;0.112037729797885
348;417;0.138837500289083
348;668;0.176434806920588
348;682;0.026990147260949
348;734;0.0632046992890537
348;808;0.0225402391515672
348;828;0.170038097631186
348;918;0.0650156663730741
349;271;0.199167716503143
349;315;0.0481378533877432
349;522;0.186345502315089
349;689;0.0618126351386309
349;755;0.098860812978819
349;783;0.197248504217714
349;814;0.177117855334654
350;176;0.146020223898813
350;202;0.175362057518214
350;384;0.105738502554595
350;452;0.142277157120407
350;620;0.163091182988137
350;734;0.00756873143836856
350;876;0.186238128691912
351;109;0.17560026338324
351;269;0.140180143434554
351;407;0.136171978339553
351;444;0.188260473078117
351;593;0.120099778287113
351;852;0.194835979212075
351;885;0.0200166551396251
352;20;0.0323704070411623
352;53;0.0549800199456513
352;75;0.103468300495297
352;347;0.117557027144358
352;428;0.190616710716859
352;467;0.109057219186798
352;525;0.01322912867181
353;102;0.0111194580793381
353;142;0.0737140198238194
353;280;0.187314545409754
353;321;0.112847925256938
353;494;0.145453531853855
353;837;0.060801032371819
353;927;0.0777295348234475
354;342;0.074258834682405
354;476;0.131457580486313
354;549;0.0635654055513442
354;566;0.143444530433044
354;673;0.177227582130581
354;717;0.192675647698343
354;942;0.134896391630173
355;448;0.0523053986486048
355;493;0.0984202009625733
355;594;0.059823831031099
355;669;0.0489837271161377
355;827;0.197265618713573
355;841;0.182325335917994
355;923;0.02605348713696
356;125;0.0171187165658921
356;133;0.122699042223394
356;313;0.0111900404561311
356;460;0.0655837204772979
356;714;0.148773397924379
356;734;0.00615790570154786
356;889;0.0432871453929693
357;57;0.0999189983587712
357;147;0.0817139017395675
357;368;0.198080075113103
357;611;0.175431253295392
357;727;0.142038330808282
357;741;0.00530724003911018
357;965;0.015028869220987
358;44;0.0855106780771166
358;322;0.149248208198696
358;454;0.17940299375914
358;853;0.170529373222962
358;882;0.0315149251837283
358;940;0.0627260857261717
358;945;0.122695686109364
359;125;0.147783465078101
359;133;0.105210847593844
359;460;0.189505477575585
359;538;0.0883098301012069
359;666;0.0336210956331343
359;783;0.0665874284226447
359;801;0.132188762631267
360;166;0.113018420664594
360;207;0.00507633476518095
360;219;0.0332786202430725
360;232;0.117070573801175
360;450;0.186707363510504
360;617;0.0820254519581795
360;702;0.193893522582948
361;113;0.000209275959059596
361;235;0.0640291246119887
361;456;0.0345444463193417
361;552;0.0178593894932419
361;805;0.126878256769851
361;834;0.139804618246853
361;864;0.184701738413423
362;57;0.134520434448496
362;368;0.0244630756787956
362;555;0.180550603521988
362;617;0.18804115052335
362;662;0.0352759018074721
362;708;0.057441265322268
362;973;0.130363718466833
363;148;0.0591897003818303
363;314;0.138897785916924
363;369;0.105775997415185
363;426;0.0120410904288292
363;458;0.100179285276681
363;496;0.0885156315285713
363;922;0.176020651170984
364;183;0.0485178857576102
364;444;0.154868492251262
364;471;0.0688250815030187
364;608;0.199821994034573
364;634;0.102086685039103
364;731;0.10089032240212
364;737;0.0535592597909272
365;197;0.0788024936337024
365;372;0.10462950328365
365;421;0.0778707483783364
365;649;0.152989187696949
365;710;0.121867134189233
365;751;0.187063452368602
365;829;0.0803532223682851
366;304;0.0967886388767511
366;385;0.0836728841066361
366;461;0.0780832167714834
366;548;0.0705097693018615
366;645;0.174106108909473
366;729;0.105964755825698
366;817;0.080780074140057
367;164;0.189240002678707
367;300;0.0966688652057201
367;510;0.068913716962561
367;696;0.195216977503151
367;739;0.0266965789254755
367;849;0.0159086456988007
367;895;0.175974153121933
368;80;0.164912794856355
368;357;0.012008584709838
368;362;0.156248667091131
368;631;0.168658462818712
368;653;0.0871341051068157
368;708;0.00231326832436025
368;741;0.0111689670477062
369;101;0.0230068277567625
369;178;0.0667276709806174
369;256;0.194756691670045
369;363;0.0454867716412991
369;826;0.0544250308535993
369;854;0.104429372027516
369;928;0.0959798173978925
370;114;0.0842753869481385
370;200;0.0533689274918288
370;380;0.00718974685296416
370;499;0.137353280046955
370;905;0.0045093618799001
370;919;0.12328893286176
370;980;0.0884439513552934
371;236;0.0595875668805093
371;283;0.000431743264198303
371;595;0.0405405641999096
371;657;0.0169830613769591
371;779;0.12716827262193
371;784;0.00727765425108373
371;887;0.163694196287543
372;132;0.0475449272431433
372;365;0.0458109859377146
372;507;0.00536920968443155
372;756;0.178252555057406
372;829;0.171914560347796
372;967;0.0816148666664958
372;997;0.182230714475736
373;340;0.141493736440316
373;514;0.0797265183180571
373;687;0.11854597707279
373;777;0.00425558038987219
373;907;0.0338813462294638
373;989;0.0456726558506489
373;990;0.0789776192978024
374;8;0.0258073853328824
374;174;0.120935175800696
374;261;0.03862095461227
374;466;0.0287120875436813
374;656;0.0182899979874492
374;770;0.10723441070877
374;894;0.141443852940574
375;259;0.139918641606346
375;719;0.198418960766867
375;721;0.0335209201090038
375;816;0.166545029776171
375;817;0.109442865708843
375;897;0.0677493183407933
375;934;0.0641804332379252
376;231;0.173673447780311
376;341;0.00514481537975371
376;504;0.114967669313774
376;591;0.0821901198942214
376;707;0.0652250562328845
376;724;0.141812369646505
376;911;0.144252863479778
377;182;0.142718511354178
377;710;0.0859729502350092
377;746;0.146497954055667
377;751;0.153148832591251
377;778;0.0330720431171358
377;815;0.15682180877775
377;967;0.050789929041639
378;140;0.0460934902075678
378;514;0.143215459864587
378;582;0.0561143339145929
378;593;0.0671090722549707
378;606;0.136672630719841
378;951;0.0891023913398385
378;989;0.0559294642880559
379;203;0.00981558612547815
379;397;0.0741751664783806
379;470;0.109185331407934
379;610;0.17977294716984
379;717;0.141072379145771
379;737;0.0685008453205228
379;830;0.060249620815739
380;220;0.0779935147613287
380;241;0.0530771507881582
380;328;0.11142046097666
380;370;0.0430016798898578
380;536;0.058382158819586
380;541;0.0738857110962272
380;564;0.172886958671734
381;329;0.101355640683323
381;665;0.0962585649453104
381;764;0.149388454994187
381;769;0.0171958757564425
381;948;0.0982303900644183
381;952;0.0211469994392246
381;959;0.187336924253032
382;23;0.152393647702411
382;347;0.146908059436828
382;428;0.0995012011844665
382;452;0.0312116144225001
382;640;0.152850697096437
382;641;0.1711119545158
382;899;0.110092862695456
383;43;0.102123389812186
383;61;0.135714518092573
383;566;0.193894054321572
383;613;0.0877032347489148
383;629;0.0479922207538039
383;717;0.00415904349647462
383;811;0.0120537642855197
384;13;0.0792855313047767
384;350;0.181623367080465
384;396;0.0819727010559291
384;810;0.0131356204859912
384;878;0.119983738847077
384;943;0.0938042695634067
384;963;0.0123858808539808
385;40;0.12147176717408
385;228;0.149826743314043
385;366;0.135535568417981
385;476;0.0915243084076792
385;548;0.0856113521847874
385;676;0.0417313523590565
385;729;0.138055164180696
386;128;0.120329368812963
386;143;0.0774618607014418
386;324;0.0412272055167705
386;488;0.0342902240809053
386;591;0.172773024206981
386;800;0.0469521425198764
386;865;0.0749926846008748
387;69;0.133908089576289
387;526;0.0699224647134542
387;529;0.173404250247404
387;532;0.139047528291121
387;580;0.138828380452469
387;710;0.0218730737920851
387;883;0.0977704773191363
388;320;0.160746601456776
388;341;0.104942371835932
388;526;0.0464312689378858
388;574;0.0696265269536525
388;592;0.0456961130257696
388;770;0.0457038406282663
388;805;0.0227839319035411
389;63;0.139066919777542
389;568;0.161908770166338
389;620;0.063410940207541
389;700;0.135394306201488
389;703;0.123692315490916
389;858;0.0292349421419203
389;947;0.143892473634332
390;405;0.194786433316767
390;535;0.171271124156192
390;542;0.0907098175026476
390;599;0.0834790424909443
390;689;0.0194079248700291
390;793;0.159715864015743
390;814;0.194293217826635
391;410;0.152705134032294
391;446;0.110641549294814
391;507;0.144756942149252
391;653;0.0987578941974789
391;708;0.0699891353957355
391;926;0.0305342650506645
391;975;0.0345652874559164
392;412;0.0211896447930485
392;560;0.0783719412051141
392;596;0.0700513387098908
392;681;0.194135150220245
392;808;0.00629890165291727
392;878;0.146958501823246
392;965;0.146666016057134
393;21;0.171769205946475
393;243;0.166515600867569
393;482;0.187942228605971
393;596;0.0222813160158694
393;716;0.14833591231145
393;827;0.192519415495917
393;841;0.0425680643878877
394;617;0.120527339028195
394;634;0.153502423595637
394;640;0.0735269249882549
394;794;0.0385274830274284
394;800;0.00761184771545231
394;833;0.0315669517964125
394;885;0.0498745441902429
395;10;0.0222440870944411
395;399;0.131421890249476
395;548;0.0600828817579895
395;587;0.115347021864727
395;627;0.1871292386204
395;819;0.154941533366218
395;857;0.142045156890526
396;318;0.0393879122566432
396;340;0.188324163714424
396;384;0.134595810668543
396;453;0.0157191895879805
396;493;0.143468114780262
396;738;0.113908743998036
396;982;0.000363850966095924
397;296;0.0130380280781537
397;379;0.00570660997182131
397;553;8.34641512483358e-05
397;614;0.0375306845176965
397;737;0.0685273351147771
397;750;0.0729387636762112
397;936;0.0808395342901349
398;127;0.0603870754595846
398;247;0.0533083529211581
398;283;0.105822603218257
398;614;0.030669366568327
398;737;0.158400141587481
398;768;0.121500281570479
398;996;0.0811964426655322
399;187;0.110444144112989
399;395;0.040310957049951
399;462;0.0610027404502034
399;474;0.189128101477399
399;627;0.183417568588629
399;872;0.125310167251155
399;955;0.110786990076303
400;171;0.0515055505558848
400;325;0.192794363060966
400;405;0.0423652557656169
400;520;0.103121439600363
400;671;0.0168535125441849
400;757;0.0548542466945946
400;940;0.123316150950268
401;47;0.123816408403218
401;51;0.0608410110231489
401;436;0.14017304754816
401;519;0.181521352333948
401;609;0.0560809317976236
401;742;0.114757726760581
401;818;0.0183581195306033
402;253;0.160899192094803
402;291;0.0117461760994047
402;528;0.0532821061089635
402;643;0.101025840779766
402;740;0.083717036107555
402;771;0.135034847073257
402;929;0.134368182625622
403;149;0.146734316134825
403;286;0.014019950479269
403;458;0.102855677483603
403;699;0.180581222381443
403;707;0.0670161200687289
403;774;0.123280602227896
403;786;0.044162157876417
404;166;0.19366943272762
404;236;0.138518023351207
404;578;0.00388000747188926
404;595;0.185328364372253
404;685;0.188093008240685
404;810;0.13901435690932
404;887;0.176616079546511
405;390;0.194744257582352
405;400;0.129094650223851
405;553;0.00744938072748482
405;626;0.15161409736611
405;807;0.0464971042238176
405;945;0.147683504642919
405;977;0.102316122921184
406;131;0.0828099657781422
406;222;0.00229260977357626
406;252;0.0689298698678613
406;519;0.0311671603936702
406;742;0.0624553027097136
406;790;0.191786610335112
406;898;0.144171058060601
407;351;0.144664688454941
407;427;0.00855915867723525
407;506;0.165353022282943
407;636;0.0476018069311976
407;644;0.05404057437554
407;893;0.185359682608396
407;934;0.0939082364551723
408;178;0.113374782726169
408;227;0.0362874832935631
408;497;0.00753254028968513
408;588;0.197022567363456
408;706;0.108677370240912
408;761;0.125189026910812
408;883;0.0225073734298348
409;311;0.0462575102224946
409;513;0.0749411683995277
409;692;0.0174319750629365
409;776;0.0945796040818095
409;878;0.0200188957620412
409;960;0.122390502225608
409;968;0.192869595810771
410;391;0.185748660191894
410;586;0.156948155956343
410;611;0.144747800985351
410;745;0.14059454286471
410;766;0.111268059723079
410;961;0.0892551643773913
410;975;0.0639991204719991
411;34;0.0997651300858706
411;40;0.138630042690784
411;151;0.169888158654794
411;449;0.0864441526588053
411;729;0.185619872715324
411;744;0.127274320833385
411;855;0.171387909492478
412;129;0.0937346627935767
412;225;0.160499127442017
412;232;0.0703893172089011
412;392;0.196068773884326
412;509;0.162987598730251
412;861;0.114373751776293
412;883;0.141881106095389
413;477;0.0793194197118282
413;478;0.0923442743252963
413;586;0.106643657293171
413;871;0.103935652552173
413;974;0.0110925110522658
413;993;0.0178288146387786
413;1000;0.186693471344188
414;129;0.177090575452894
414;225;0.171043437067419
414;343;0.0544343901798129
414;651;0.0663498248439282
414;702;0.090475799748674
414;798;0.0116391762625426
414;861;0.013000916223973
415;66;0.145912889670581
415;114;0.147453451482579
415;454;0.110141726303846
415;459;0.106039033317938
415;485;0.145424871332943
415;945;0.128188656130806
415;972;0.0818378355819732
416;267;0.0134756325278431
416;543;0.0165273328311741
416;629;0.141785521199927
416;688;0.0815907114185393
416;717;0.0651778597384691
416;938;0.0401102438569069
416;956;0.0444510895758867
417;161;0.0481946185231209
417;244;0.199479286745191
417;284;0.102394606545568
417;348;0.0673870513681322
417;439;0.107829504832625
417;792;0.0344691737554967
417;847;0.056098940782249
418;4;0.0237203540746123
418;495;0.0221646386198699
418;542;0.198989475797862
418;616;0.0107891116291285
418;626;0.07532670032233
418;660;0.0891315042972565
418;836;0.104584793373942
419;152;0.132730464218184
419;457;0.180303201731294
419;484;0.159456965234131
419;505;0.0836392303463072
419;580;0.166398204630241
419;813;0.0327689606696367
419;936;0.184288053167984
420;119;0.184045895701274
420;124;0.0464715774636716
420;505;0.0417927878443152
420;550;0.0983730649575591
420;572;0.107590119307861
420;655;0.0913940445519984
420;958;0.0122115261852741
421;47;0.147247265372425
421;252;0.0372163624502718
421;365;0.030462567973882
421;478;0.123243236355484
421;605;0.19310626774095
421;803;0.0386067871470004
421;925;0.158362979674712
422;22;0.0465323405805975
422;46;0.0643385522533208
422;128;0.127351248217747
422;139;0.149684214731678
422;204;0.173402416799217
422;591;0.0179653548635542
422;809;0.183522245846689
423;91;0.0779841170180589
423;323;0.167913950188085
423;504;0.168083278415725
423;578;0.184589142911136
423;657;0.0311621066648513
423;784;0.150856770947576
423;810;0.0279010808560997
424;173;0.0130265579558909
424;201;0.140514564095065
424;329;0.172470476292074
424;471;0.111988412542269
424;593;0.119794649491087
424;731;0.194825639948249
424;927;0.0576922222040594
425;189;0.0912713403813541
425;246;0.112470514932647
425;470;0.00460493708960712
425;614;0.0518402321264148
425;969;0.103043100237846
425;977;0.0934236085042358
425;996;0.105574100930244
426;101;0.156502944882959
426;162;0.0474717224948108
426;227;0.0669282873626798
426;296;0.153223589807749
426;363;0.114008947322145
426;534;0.0522674520965666
426;928;0.0781353266444057
427;5;0.112086160248145
427;407;0.174944604514167
427;644;0.178213168680668
427;701;0.0669952650088817
427;748;0.0299501422327012
427;910;0.0181793489027768
427;933;0.195249704038724
428;347;0.0488372703548521
428;352;0.0986248456407338
428;382;0.0723683067597449
428;501;0.162247279845178
428;677;0.0243292399216443
428;758;0.0269926527980715
428;764;0.18795581702143
429;55;0.0025671849027276
429;158;0.0118473670911044
429;543;0.126576453866437
429;546;0.136020648526028
429;602;0.13947706357576
429;779;0.00507349916733801
429;853;0.112736527202651
430;25;0.176330913743004
430;168;0.0848052136600018
430;169;0.182292376318946
430;536;0.0636211718898267
430;832;0.128626841446385
430;835;0.189725045114756
430;913;0.145698769763112
431;454;0.0677919715177268
431;606;0.117789556784555
431;625;0.134071642812341
431;711;0.0973431427497417
431;853;0.0921630227006972
431;863;0.0842524296138436
431;940;0.066344986949116
432;217;0.00371966944076121
432;465;0.125750076584518
432;495;0.115235076891258
432;540;0.145613174885511
432;726;0.113289342448115
432;808;0.183744106162339
432;874;0.164720963966101
433;5;0.182228352501988
433;237;0.0956718078348786
433;327;0.0404118300881237
433;547;0.0665016634389758
433;866;0.0175161915831268
433;937;0.0658432044088841
433;973;0.155481319222599
434;143;0.0249017985071987
434;565;0.0527279200963676
434;620;0.176461317948997
434;700;0.183449584245682
434;703;0.0544894569087774
434;801;0.00945778395980597
434;900;0.14176785168238
435;46;0.105809167958796
435;54;0.14630316994153
435;160;0.153188513033092
435;574;0.0854448957368732
435;632;0.15013495888561
435;837;0.095022142957896
435;964;0.166762865427881
436;241;0.136378463869914
436;401;0.177480943268165
436;667;0.0868264304008335
436;742;0.150212291348726
436;796;0.167036170465872
436;818;0.0971018839627504
436;883;0.0404210563283414
437;214;0.0423517281655222
437;344;0.0129003701265901
437;523;0.0810888190288097
437;603;0.18460181588307
437;782;0.108908343408257
437;836;0.19148136950098
437;920;0.187876818096265
438;306;0.0195726864505559
438;343;0.0287693636957556
438;539;0.0603907147888094
438;581;0.0328575033694506
438;905;0.14761920995079
438;930;0.155658250488341
438;988;0.155084415338933
439;212;0.0509998308029026
439;289;0.030095232045278
439;417;0.15804956019856
439;585;0.172959837969393
439;656;0.090611262479797
439;716;0.15131658599712
439;921;0.0917881740257144
440;167;0.165665086964145
440;287;0.0839042165782303
440;472;0.0939933596178889
440;826;0.0304159342776984
440;944;0.054107642872259
440;970;0.0279832744505256
440;984;0.165252933651209
441;234;0.121130034187809
441;303;0.0941450381185859
441;455;0.0473888077773154
441;510;0.0771079959347844
441;768;0.120977621525526
441;838;0.0990057141054422
441;849;0.0386109552811831
442;254;0.182003736728802
442;287;0.133999957609922
442;472;0.191914013307542
442;680;0.00521510760299861
442;970;0.018081231880933
442;984;0.0470251720398664
442;991;0.0326429642271251
443;111;0.199329985678196
443;622;0.0242871768772602
443;738;0.191719237249345
443;859;0.0191106442827731
443;890;0.0891478155739606
443;929;0.121733086882159
443;963;0.0575577768031508
444;22;0.0404130853246897
444;351;0.0680682564619929
444;364;0.00979488627053797
444;471;0.170577886514366
444;728;0.00322651914320886
444;868;0.130687472783029
444;904;0.0724475845228881
445;220;0.0964299289975315
445;524;0.109387047542259
445;575;0.0672597635537386
445;684;0.0482576669193804
445;765;0.0714285243302584
445;908;0.169212510017678
445;980;0.105005499115214
446;78;0.172035675961524
446;144;0.0466188713908195
446;299;0.0590630568563938
446;391;0.0569357633125037
446;745;0.114415180729702
446;965;0.13642389215529
446;971;0.187152573047206
447;303;0.194411561125889
447;457;0.109726524818689
447;531;0.117360419640318
447;635;0.0913994377013296
447;696;0.0735220357775688
447;702;0.177153538027778
447;798;0.0885497941169888
448;243;0.195105250831693
448;326;0.0570605074986816
448;355;0.142829203419387
448;492;0.178419753815979
448;594;0.0488576898816973
448;656;0.182954598031938
448;669;0.0719548079185188
449;34;0.14418735424988
449;97;0.140587880415842
449;329;0.0323710538446903
449;411;0.0938312703277916
449;718;0.187064317800105
449;909;0.0852203480433673
449;961;0.131354764429852
450;35;0.162357502011582
450;115;0.0363021858502179
450;360;0.137823749100789
450;617;0.10223139077425
450;788;0.134348044358194
450;801;0.106595495855436
450;965;0.178767200373113
451;588;0.186449645273387
451;607;0.177296925336123
451;674;0.028377020265907
451;706;0.131532011600211
451;722;0.11094519039616
451;761;0.0710726077202708
451;791;0.000527375610545278
452;118;0.0653219939675182
452;318;0.0042644037399441
452;350;0.0038575959391892
452;382;0.143966660741717
452;595;0.108562622498721
452;833;0.168137895828113
452;979;0.00828504036180675
453;135;0.034851041669026
453;309;0.0831507368013263
453;396;0.082513713510707
453;514;0.186236544977874
453;777;0.172667292738333
453;907;0.0249702673405409
453;989;0.104715012852103
454;143;0.147306204028428
454;188;0.10352376694791
454;358;0.182447937689722
454;415;0.127210692642257
454;431;0.144592416333035
454;520;0.0291469315998256
454;757;0.104663790855557
455;74;0.132949486421421
455;280;0.0669341733679175
455;441;0.0774392721243203
455;656;0.0505269276443869
455;683;0.00789449010044336
455;831;0.170562195777893
455;880;0.111093837581575
456;56;0.0586643607821316
456;361;0.195818199403584
456;499;0.0573450564872474
456;564;0.115307910973206
456;832;0.0018135576043278
456;835;0.00520420423708856
456;913;0.0613174848258495
457;258;0.0286397059448063
457;419;0.113732775021344
457;447;0.0894097906537354
457;484;0.0170651128515601
457;531;0.186516993772239
457;580;0.175325478753075
457;695;0.0179759697988629
458;33;0.0483063302002847
458;203;0.174630852928385
458;363;0.162994531076401
458;403;0.0303153289481998
458;647;0.173217286542058
458;733;0.14420434855856
458;796;0.172823379421607
459;325;0.00354193607345223
459;415;0.107404944766313
459;711;0.00261523593217134
459;882;0.129952963767573
459;940;0.146946347178891
459;945;0.0724385364446789
459;979;0.103806450264528
460;125;0.185565757798031
460;313;0.0791072205174714
460;356;0.176492112828419
460;359;0.18659354117699
460;659;0.0553564474917948
460;714;0.0900840335525572
460;734;0.00487443991005421
461;366;0.14554792419076
461;547;0.00147301065735519
461;571;0.190804642345756
461;676;0.15869668754749
461;718;0.00346684381365776
461;729;0.130881324084476
461;744;0.0640368368010968
462;399;0.181073609972373
462;611;0.189954116102308
462;627;0.0401910907588899
462;782;0.0032554876524955
462;886;0.182877619424835
462;964;0.0888845800887793
462;999;0.0419963272754103
463;601;0.160806215042248
463;619;0.0624892611987889
463;653;0.0250551655888557
463;760;0.120494653889909
463;816;0.178981181001291
463;821;0.0912287665996701
463;863;0.181152143981308
464;105;0.0884755617473275
464;219;0.0226005388889462
464;609;0.0231106241699308
464;742;0.125935172848403
464;783;0.169752948684618
464;879;0.173053874447942
464;898;0.0170804098714143
465;17;0.0643960515037179
465;226;0.00193447433412075
465;432;0.0147039066068828
465;521;0.0878425891976804
465;763;0.161373222991824
465;796;0.137727948045358
465;803;0.0106619082391262
466;273;0.154724387452006
466;374;0.181745872460306
466;546;0.0620593494269997
466;575;0.122625218145549
466;665;0.183314826525748
466;725;0.103421969804913
466;745;0.11480266964063
467;19;0.1546902758535
467;216;0.114665012899786
467;352;0.193552504107356
467;486;0.0796951794531196
467;736;0.155960289901122
467;850;0.121785351773724
467;982;0.0809876661747694
468;80;0.114182024868205
468;113;0.052860122313723
468;293;0.166630781674758
468;533;0.0542288294062018
468;693;0.138388421479613
468;762;0.198122018715367
468;834;0.172148557705805
469;201;0.00987208760343492
469;325;0.106135552981868
469;589;0.168462591618299
469;888;0.142902031727135
469;919;0.130668519670144
469;921;0.102099320152774
469;957;0.134995957324281
470;289;0.0666003955062479
470;379;0.0752740782685578
470;425;0.177373296022415
470;529;0.00328475795686245
470;553;0.192441986314952
470;614;0.0266434800811112
470;996;0.198732168274
471;94;0.182386782951653
471;332;0.196150817442685
471;364;0.0701986016705632
471;424;0.125566909695044
471;444;0.0324643087573349
471;562;0.193032461358234
471;904;0.104258224647492
472;229;0.0191660904325545
472;440;0.142884307308123
472;442;0.139447957416996
472;655;0.0642443236429244
472;944;0.0297535061836243
472;970;0.0684571657795459
472;984;0.0469371933490038
473;131;0.0677360375411808
473;570;0.168068598490208
473;572;0.158912849053741
473;624;0.130504393391311
473;750;0.0151947199832648
473;758;0.120985453855246
473;945;0.0671806195285171
474;38;0.0622656668070704
474;399;0.0577537951059639
474;535;0.192771121114492
474;573;0.119338084291667
474;627;0.181621959479526
474;768;0.171358601283282
474;872;0.120233704755083
475;281;0.172584692714736
475;333;0.0805544180329889
475;772;0.196958479192108
475;813;0.0294143230188638
475;864;0.160127393528819
475;919;0.199536151485518
475;957;0.181266528740525
476;112;0.137802992900834
476;237;0.0219636086374521
476;354;0.0888417401816696
476;385;0.0442113809753209
476;548;0.108032408775762
476;698;0.0822718135546893
476;909;0.0131383085157722
477;413;0.102187066245824
477;773;0.040773788606748
477;799;0.115131942182779
477;842;0.0755535791162402
477;896;0.0305490964557976
477;993;0.0351084625348449
477;1000;0.0761818603146821
478;96;0.130984201328829
478;413;0.0210718824062496
478;421;0.0802420490421355
478;759;0.0572067989502102
478;871;0.18141655549407
478;896;0.154033187078312
478;1000;0.0308309506624937
479;305;0.16009983937256
479;310;0.158187541505322
479;316;0.00406178357079625
479;503;0.0774924988392741
479;577;0.00508111650124192
479;658;0.188740065135062
479;946;0.089014031086117
480;93;0.145962554169819
480;120;0.153237264743075
480;306;0.135779287153855
480;482;0.131961282715201
480;650;0.0852192596532405
480;711;0.0037994765676558
480;836;0.0915197594556958
480;840;0.0913335256278515
481;14;0.183796944189817
481;222;0.169189381832257
481;290;0.00320565523579717
481;321;0.0111237497068942
481;769;0.0774087707512081
481;783;0.117273695068434
481;936;0.0532996576745063
481;990;0.0673765064682812
482;58;0.170481103332713
482;149;0.0690318075940013
482;282;0.109725054400042
482;393;0.134962775465101
482;480;0.0936616349034011
482;508;0.141748537356034
482;670;0.0376995538361371
482;721;0.0291752638760954
483;579;0.112780511844903
483;635;0.194514682004228
483;638;0.0417205494828522
483;825;0.198192215990275
483;867;0.00574618154205382
483;916;0.14287863583304
483;950;0.0218444203957915
483;991;0.121812246879563
484;152;0.191905617201701
484;419;0.0514541266486049
484;457;0.0364571109879762
484;512;0.0663333632983267
484;532;0.037362620420754
484;687;0.115873018139973
484;695;0.0923695887904614
484;994;0.143008569628
485;41;0.0416710132267326
485;53;0.056502452166751
485;415;0.0791655733250082
485;606;0.193439617054537
485;625;0.145714916940779
485;882;0.122484405245632
485;940;0.0802830231841654
485;988;0.0267290407326072
486;1;0.0817479877732694
486;155;0.00941708288155496
486;181;0.098002916527912
486;467;0.116216923855245
486;811;0.0994005425367504
486;931;0.119657777482644
486;946;0.102511648926884
486;987;0.118097884394228
487;22;0.119330820068717
487;194;0.070887483516708
487;507;0.175531739089638
487;691;0.0817451374139637
487;825;0.111979847121984
487;864;0.0754421247169376
487;980;0.0711511805187911
487;983;0.152569813327864
488;90;0.0337984237354249
488;147;0.143000385025516
488;164;0.124681331962347
488;223;0.0352610401809216
488;324;0.0281508545391262
488;386;0.189320525107905
488;809;0.180389153817669
488;865;0.0253463732544333
489;30;0.0993588715326041
489;52;0.126936555653811
489;153;0.0265790752135217
489;636;0.00382807170972228
489;644;0.136138448771089
489;654;0.102255594870076
489;706;0.16031183116138
489;767;0.172786374343559
490;124;0.119391375314444
490;126;0.0512728172820061
490;339;0.0279818345792592
490;549;0.127911603264511
490;550;0.115827585989609
490;637;0.18002137276344
490;845;0.0160039834212512
490;917;0.0218225073534995
491;36;0.184121184283867
491;172;0.0173581515438855
491;331;0.197132559772581
491;600;0.0155128100886941
491;811;0.095425012242049
491;938;0.100882890401408
491;955;0.00787852592766285
491;956;0.131890873378143
492;82;0.0746661879587919
492;224;0.142228642292321
492;448;0.0595588228199631
492;499;0.0757550104986876
492;596;0.160109059605747
492;608;0.142393664689735
492;651;0.195411758916453
492;868;0.175006686057895
493;148;0.124074515933171
493;240;0.129271609289572
493;355;0.0471594215370715
493;396;0.186352337151766
493;594;0.101187334209681
493;775;0.0957686873618513
493;866;0.0483858440071344
493;942;0.0587142921518534
494;51;0.154922751104459
494;103;0.0611279021017253
494;353;0.0733906647190452
494;701;0.0892280059400946
494;759;0.0862049959134311
494;806;0.0580275376792997
494;871;0.00971687473356724
494;990;0.0809728079475462
495;335;0.061565037118271
495;418;0.130760730337352
495;432;0.0611577625852078
495;561;0.129634198453277
495;616;0.093981979880482
495;689;0.082662652945146
495;823;0.180542787956074
495;863;0.181148473871872
496;9;0.0690798970870674
496;101;0.174173305230215
496;363;0.0817460912745446
496;534;0.130941865919158
496;624;0.153397426009178
496;628;0.142181386332959
496;854;0.0688092638738453
496;928;0.0619551560841501
497;37;0.0469500948674977
497;50;0.0985035976395011
497;208;0.0816116960253567
497;408;0.0569935329258442
497;706;0.106419135164469
497;761;0.0247884283773601
497;791;0.0424469335004687
497;952;0.093390474235639
498;63;0.0711461525876075
498;234;0.15384388002567
498;265;0.0622008210048079
498;589;0.0141185786109418
498;712;0.186813206877559
498;785;0.114084890903905
498;967;0.157537177205086
498;997;0.174628847045824
499;25;0.0465860115364194
499;220;0.0913170380983502
499;370;0.000795997492969036
499;456;0.196332744695246
499;492;0.00968007375486195
499;564;0.0586483003105968
499;649;0.16349261328578
499;913;0.0633769985754043
500;19;0.150986600574106
500;71;0.123574468540028
500;245;0.0167811773251742
500;347;0.0455534983426333
500;672;0.130551828118041
500;797;0.0609624327626079
500;833;0.147544037876651
500;930;0.172298037912697
501;121;0.152494344813749
501;428;0.154206722509116
501;618;0.198578501585871
501;756;0.177891416894272
501;797;0.16287536281161
501;833;0.0741697014309466
501;839;0.168297098996118
501;959;0.132647346286103
502;138;0.171709497366101
502;251;0.0118125530425459
502;326;0.0258007579948753
502;696;0.156959094712511
502;820;0.184730392927304
502;838;0.18506761523895
502;873;0.139129615249112
502;935;0.0529933617915958
503;268;0.0581261308398098
503;479;0.13325984175317
503;551;0.174152022926137
503;592;0.0860730137676001
503;735;0.135502494312823
503;810;0.0462448881007731
503;838;0.184301744494587
503;884;0.0366470271255821
504;236;0.0881209732033312
504;376;0.14048094949685
504;423;0.198629548959434
504;648;0.192253979435191
504;687;0.0959804540965706
504;784;0.134557211166248
504;810;0.00355846835300326
504;887;0.0268994638696313
505;152;0.198780971812084
505;419;0.154156988859177
505;420;0.100530492328107
505;512;0.190475625125691
505;529;0.171865107025951
505;580;0.129777901805937
505;813;0.19641552050598
505;994;0.0133972654584795
506;54;0.0755155225284398
506;147;0.176012475322932
506;195;0.0282333882059902
506;407;0.122563759842888
506;647;0.121482127765194
506;677;0.0425105336587876
506;893;0.137043451750651
506;934;0.186709404410794
507;275;0.170678035262972
507;278;0.184026470221579
507;372;0.0818778370972723
507;391;0.0251485536806285
507;487;0.0224286914803088
507;513;0.142937053693458
507;581;0.186167651927099
507;968;0.0259144458919764
508;270;0.08347386601381
508;286;0.0849658065475524
508;482;0.194238542765379
508;569;0.038088950002566
508;670;0.0178248080890626
508;683;0.0747707339469343
508;720;0.130982747301459
508;786;0.00380627796985209
509;28;0.0434345023240894
509;129;0.0158880504779518
509;263;0.17645731754601
509;264;0.18344727656804
509;343;0.111833421839401
509;412;0.0619442024733871
509;663;0.0113910262007266
509;702;0.0999084302224219
510;93;0.11172120179981
510;303;0.129916556598619
510;367;0.0689661148935556
510;441;0.0639339099172503
510;515;0.048092333599925
510;686;0.0981194021645933
510;739;0.0644043893087655
510;873;0.0953224237542599
511;516;0.170243989210576
511;642;0.105746655492112
511;760;0.183487396547571
511;787;0.0668703926261515
511;824;0.0135253266431391
511;910;0.0414212046656758
511;911;0.148274890892208
511;924;0.163007005583495
512;201;0.0466091990005225
512;484;0.0385958153754473
512;505;0.0278160649817437
512;531;0.125960687827319
512;552;0.0195374979171902
512;650;0.125931636383757
512;695;0.00183029687032104
512;936;0.153334195027128
513;77;0.0624985558912158
513;126;0.00414126375690103
513;409;0.0678249152377248
513;507;0.0300134546123445
513;619;0.0350987476762384
513;752;0.0271252143196762
513;991;0.0740337781608105
513;998;0.148751755151898
514;86;0.0229241140652448
514;135;0.0424330126494169
514;373;0.0915424657985568
514;378;0.137146758660674
514;453;0.192271314188838
514;687;0.0330125021748245
514;907;0.0358290027827025
514;912;0.103430290147662
515;76;0.0469628798775375
515;336;0.160684415791184
515;510;0.145544242160395
515;776;0.190693305246532
515;780;0.0828157706186175
515;812;0.142444312991574
515;943;0.00841820384375751
515;968;0.169532219320536
516;56;0.174529964104295
516;291;0.0670196224469692
516;511;0.0769485816825181
516;559;0.0615286842919886
516;642;0.1276068136096
516;824;0.0133674257900566
516;916;0.110681777400896
516;974;0.0394817951600999
517;43;0.10133449062705
517;249;0.1114208153449
517;251;0.0347358250524849
517;584;0.08336894181557
517;599;0.0539463231805712
517;865;0.0221920749172568
517;892;0.177723948843777
517;917;0.0720905859954655
518;31;0.19745010798797
518;299;0.120367605937645
518;586;0.0991676611360163
518;602;0.0464111186563969
518;729;0.0358081786427647
518;822;0.165744397509843
518;870;0.198613691003993
518;998;0.0589871328789741
519;184;0.0297858479898423
519;219;0.0170686748344451
519;401;0.161451463680714
519;406;0.140009597176686
519;579;0.150782703142613
519;818;0.0504466833081096
519;898;0.0761894783936441
519;910;0.040585451759398
520;66;0.0861568403430283
520;400;0.0998517074622214
520;454;0.122505564987659
520;625;0.109816196048632
520;711;0.144199014035985
520;790;0.0446431272663176
520;882;0.0712866280693561
520;945;0.103021845128387
521;137;0.15963347251527
521;153;0.197967394441366
521;214;0.0682692769449204
521;465;0.0762465043459088
521;540;0.0615007449407131
521;796;0.181574862683192
521;803;0.0596719144377857
521;918;0.0147003089077771
522;335;0.150363676855341
522;349;0.00344896563328803
522;623;0.068582993093878
522;660;0.129333790810779
522;689;0.067979945614934
522;726;0.194847529148683
522;755;0.151798052480444
522;812;0.108385241124779
523;143;0.0945655727759004
523;253;0.0755095039494336
523;328;0.0615924003068358
523;344;0.18795729954727
523;437;0.125298830261454
523;603;0.112917927931994
523;758;0.08211042531766
523;763;0.174422370269895
524;194;0.0332481387536973
524;253;0.0483442296739668
524;295;0.0429545039776713
524;301;0.160393994301558
524;445;0.135530004324391
524;691;0.127301119547337
524;732;0.000152279064059258
524;966;0.00881711631081998
525;352;0.151253540674225
525;731;0.0624121833126992
525;748;0.083414115710184
525;771;0.0237681373953819
525;833;0.137605099193752
525;858;0.0467442069202662
525;868;0.0864923632703722
525;993;0.198837675945833
526;30;0.0582871579099447
526;106;0.10688402033411
526;198;0.0833271785173565
526;279;0.0424201144836843
526;387;0.160873761028051
526;388;0.0942031600046903
526;580;0.168160773860291
526;872;0.181109316879883
527;130;0.0180467993021011
527;231;0.155400930438191
527;249;0.00893406490795314
527;326;0.0722350253723562
527;697;0.123712486261502
527;799;0.141821790020913
527;891;0.10743620689027
527;1000;0.0127867902629077
528;402;0.12128283213824
528;582;0.136516544036567
528;643;0.130629655672237
528;739;0.179493760550395
528;787;0.0785218238830566
528;824;0.108867530524731
528;892;0.197492279019207
528;929;0.0256007021758705
529;205;0.0524964446201921
529;258;0.0911623201798648
529;387;0.116323591955006
529;470;0.143625085288659
529;505;0.053251404967159
529;552;0.192552267853171
529;665;0.154074203083292
529;994;7.66131095588207e-05
530;194;0.0476630090735853
530;557;0.106691410532221
530;679;0.0829757154919207
530;691;0.152629158878699
530;732;0.0205969854723662
530;908;0.0540428258478642
530;939;0.00984342833980918
530;985;0.125279404548928
531;69;0.114241310814396
531;258;0.0372558070812374
531;447;0.0635382893960923
531;457;0.0106146086938679
531;512;0.0814473619684577
531;552;0.103481461526826
531;936;0.0266449597664177
531;994;0.165837184712291
532;205;0.0340667815413326
532;387;0.187110372027382
532;484;0.0926203549373895
532;552;0.0148633568082005
532;692;0.0126348099671304
532;695;0.111229174677283
532;864;0.0394076655618846
532;994;0.14108204212971
533;117;0.00817946107126773
533;210;0.118790927249938
533;317;0.0287889164406806
533;468;0.0970216889865697
533;693;0.0827727798372507
533;762;0.0712443478871137
533;834;0.10833661807701
533;915;0.0776976407039911
534;148;0.154512641578913
534;426;0.193028695229441
534;496;0.186780323134735
534;756;0.0369530789554119
534;783;0.0284777473192662
534;825;0.0867116113193333
534;826;0.173312578815967
534;848;0.168009498110041
535;97;0.193290418339893
535;390;0.192951947962865
535;474;0.0319733252283186
535;630;0.0795493265613914
535;713;0.073517381073907
535;749;0.0634978180285543
535;819;0.0230990970972925
535;888;0.150214386731386
536;169;0.00989274890162051
536;380;0.0210876750294119
536;430;0.145870419964194
536;564;0.199895468400791
536;615;0.0817549591418356
536;661;0.00902708102948964
536;777;0.183437585784122
536;913;0.0892513330094516
537;147;0.185506090288982
537;319;0.138142033899203
537;333;0.0564483699854463
537;612;0.0715773880016059
537;636;0.144686623616144
537;644;0.0923497399315238
537;934;0.0937614659778774
537;978;0.0427328297868371
538;92;0.105175766907632
538;265;0.158482287358493
538;346;0.0446983606554568
538;359;0.0883667557500303
538;666;0.111568891396746
538;783;0.0857728633098304
538;906;0.00024289577268064
538;916;0.137118734652176
539;52;0.148583051050082
539;290;0.115298885991797
539;438;0.103330805478618
539;697;0.00420285169966519
539;709;0.145832888130099
539;948;0.119377030571923
539;959;0.102220935747027
539;997;0.0226899971719831
540;226;1.09726097434759e-05
540;432;0.118992332229391
540;521;0.0969573807902634
540;567;0.0730421984102577
540;726;0.104139212658629
540;763;0.0931880393065512
540;803;0.156613585818559
540;874;0.195955091854557
541;380;0.0840148048475385
541;564;0.133299908321351
541;598;0.195068018091843
541;647;0.0557693334762007
541;667;0.185853057354689
541;678;0.191860091453418
541;741;0.133898403961211
541;809;0.080152924824506
542;75;0.0095342178363353
542;271;0.0133195113390684
542;315;0.0739191434811801
542;390;0.102535041188821
542;418;0.0954793930519372
542;621;0.179443001421168
542;660;0.0254951445851475
542;900;0.13359040892683
543;45;0.000482128979638219
543;230;0.0204021246172488
543;323;0.129560531955212
543;416;0.12795771965757
543;429;0.184473736165091
543;547;0.182610727241263
543;629;0.126557478820905
543;881;0.165206773579121
544;4;0.185077878786251
544;300;0.195955857075751
544;568;0.0153655221220106
544;617;0.0554350876249373
544;638;0.114881035173312
544;650;0.176759204827249
544;689;0.0488406369462609
544;715;0.164195719920099
545;47;0.107106636930257
545;93;0.105670027807355
545;288;0.172736078407615
545;323;0.147724205441773
545;589;0.172096335468814
545;888;0.0961561056785286
545;919;0.0365769816096872
545;957;0.14559879200533
546;229;0.123128350544721
546;290;0.10638383324258
546;429;0.0941646940074861
546;466;0.001670241355896
546;602;0.00428525400348008
546;678;0.187499472405761
546;730;0.153035770496354
546;944;0.0183754738885909
547;303;0.08406883161515
547;343;0.0903365795966238
547;433;0.0442199590615928
547;461;0.190251780580729
547;543;0.0852587705012411
547;581;0.139445777982473
547;866;0.0217515784315765
547;930;0.0205743140541017
548;366;0.13307853937149
548;385;0.0376549194566906
548;395;0.121454100124538
548;476;0.14477774919942
548;554;0.151184144848958
548;676;0.0936379769351333
548;744;0.130178244877607
548;961;0.159550775866956
549;354;0.151672172034159
549;490;0.13090907339938
549;550;0.0783825480844826
549;633;0.188844000035897
549;637;0.0792503810953349
549;655;0.177203086717054
549;775;0.0496813219506294
549;845;0.161500652739778
550;342;0.0964660132303834
550;420;0.00875058611854911
550;490;0.0761599489022046
550;549;0.00694090407341719
550;557;0.0602944083977491
550;584;0.0586098087951541
550;633;0.199101455556229
550;845;0.0396920693106949
551;503;0.0819491763133556
551;576;0.135525001259521
551;709;0.09485869766213
551;718;0.106704748794436
551;764;0.125595355499536
551;802;0.0623764881398529
551;948;0.159913913253695
551;988;0.109816456958652
552;255;0.10807765647769
552;361;0.0448766015470028
552;512;0.111366889020428
552;529;0.145700690988451
552;531;0.0504733224399388
552;532;0.00635195849463344
552;580;0.106726059550419
552;695;0.184714031685144
553;127;0.150331242149696
553;214;0.0609188787639141
553;233;0.168897182308137
553;289;0.168697621393949
553;397;0.0103137126192451
553;405;0.0316294110845774
553;470;0.188557144626975
553;977;0.170608810707927
554;166;0.190266876108944
554;228;0.199841496162117
554;239;0.15994116938673
554;548;0.198272312479094
554;676;0.104353009676561
554;698;0.194208023557439
554;744;0.060555675951764
554;909;0.131742171151564
555;253;0.154014756297693
555;277;0.0223235696554184
555;362;0.0841601082589477
555;586;0.0659266053233296
555;741;0.0482104803435504
555;766;0.115708812233061
555;971;0.123803064413369
555;975;0.00562763093039393
556;191;0.0159306714311242
556;588;0.0348182394169271
556;607;0.196294428408146
556;678;0.0086683657951653
556;761;0.195930516766384
556;767;0.0658181388862431
556;795;0.185297269141302
556;915;0.0269790157675743
557;239;0.0829906859435141
557;530;0.117462179996073
557;550;0.139552649809048
557;558;0.128936325712129
557;691;0.0938291417900473
557;840;0.000940280454233289
557;908;0.13358716708608
557;980;0.127069491939619
558;142;0.0449340936727822
558;557;0.162535247206688
558;674;0.127735467627645
558;732;0.179188764980063
558;765;0.020261003728956
558;804;0.0582786665763706
558;980;0.167939356854185
558;985;0.0388604709412903
559;516;0.052392524573952
559;560;0.11111866645515
559;582;0.115441571827978
559;624;0.180310500087216
559;684;0.144095649197698
559;698;0.189134815149009
559;771;0.0371212620753795
559;918;0.198353475285694
560;221;0.0771401736419648
560;284;0.0993797979317605
560;392;0.104587882384658
560;559;0.066869182093069
560;836;0.0344859744422138
560;847;0.0768212029244751
560;883;0.12559818495065
560;918;0.19745699185878
561;233;0.0134859467390925
561;335;0.127473139809445
561;495;0.0812172576319426
561;588;0.163027446344495
561;625;0.131204713089392
561;671;0.173103953618556
561;722;0.187366108130664
561;861;0.0947140513453633
562;471;0.12550451089628
562;568;0.104355045594275
562;692;0.146588629856706
562;770;0.0265752248931676
562;893;0.149387204041705
562;894;0.15247274315916
562;934;0.110663464805111
562;954;0.0176147543825209
563;138;0.158570596016943
563;151;0.0513260147999972
563;602;0.136124930717051
563;865;0.1495795304887
563;882;0.127194939181209
563;911;0.140182353463024
563;945;0.18678869465366
563;951;0.176973298424855
564;36;0.122576114442199
564;380;0.116679642628878
564;456;0.113709040218964
564;499;0.189656016137451
564;536;0.19146682661958
564;541;0.129505323758349
564;615;0.102825349476188
564;835;0.183640771079808
565;338;0.0583915399387479
565;434;0.132969776727259
565;678;0.116538986517116
565;698;0.0528291955124587
565;700;0.0751585107296705
565;701;0.0286738561000675
565;713;0.010092339059338
565;933;0.0574100221972913
566;96;0.0522551081608981
566;162;0.104899441311136
566;336;0.181354354554787
566;354;0.1595015139319
566;383;0.16254571354948
566;674;0.171809662785381
566;881;0.0816869757603854
566;912;0.136556223081425
567;179;0.0614858160726726
567;540;0.165026974305511
567;726;0.00357297672890127
567;763;0.042889152513817
567;785;0.0937585284467787
567;800;0.00308520458638668
567;803;0.138626896543428
567;874;0.136723597021773
568;62;0.0511614013463259
568;76;0.135838959924877
568;211;0.194970643986017
568;389;0.136450159549713
568;544;0.111551318084821
568;562;0.0782316407188773
568;597;0.022250679275021
568;857;0.099881722824648
569;332;0.151613687584177
569;508;0.175912570953369
569;590;0.132022292586043
569;719;0.0146928240545094
569;720;0.148633492644876
569;816;0.00626205406151712
569;844;0.146312623564154
569;901;0.0559389913920313
570;202;0.0311621757689863
570;267;0.171607235819101
570;330;0.147359926393256
570;473;0.195420372625813
570;714;0.163461082801223
570;852;0.0118051794357598
570;862;0.182643198641017
570;979;0.0882548093795776
571;21;0.0240246211644262
571;43;0.120326222060248
571;103;0.0735389301553369
571;191;0.0245709423907101
571;303;0.0127432632260025
571;461;0.124828073149547
571;716;0.0532171754632145
571;730;0.133748397184536
572;6;0.0250692362431437
572;420;0.0794615115970373
572;473;0.000725124124437571
572;707;0.183216758957133
572;717;0.132575031742454
572;769;0.0934800104238093
572;874;0.185383025556803
572;897;0.166873726993799
573;70;0.15388329080306
573;248;0.0626363935414702
573;298;0.0232490582857281
573;474;0.0196068444289267
573;753;0.0896210618317127
573;782;0.115495008882135
573;819;0.108133316738531
573;870;0.169805396953598
574;39;0.0944582465104759
574;146;0.0030715805478394
574;231;0.0765816049650311
574;261;0.110826037125662
574;388;0.122634922293946
574;435;0.0709315524902195
574;728;0.0603001559153199
574;747;0.065873602963984
575;445;0.00493945218622685
575;466;0.0579802837688476
575;697;0.0662424320820719
575;709;0.0470893207006156
575;769;0.0616526978556067
575;877;0.175192016456276
575;959;0.078793133283034
575;988;0.134955830965191
576;337;0.13417105814442
576;551;0.0939498539082706
576;648;0.121608977392316
576;672;0.153510748129338
576;735;0.150801515113562
576;764;0.176998513471335
576;797;0.0866613355930895
576;877;0.18226909567602
577;150;0.12392177847214
577;216;0.0754400909412652
577;306;0.187053387612104
577;479;0.154449992114678
577;658;0.150200561713427
577;884;0.101558858575299
577;931;0.145973925385624
577;987;0.0508007346186787
578;235;0.193529113521799
578;338;0.151620984496549
578;404;0.198328286409378
578;423;0.143046057363972
578;807;0.17589534050785
578;810;0.185297339223325
578;912;0.0673593925312161
578;955;0.192187492735684
579;103;0.0663901595864445
579;116;0.00856696884147823
579;483;0.046547241974622
579;519;0.140850848983973
579;620;0.0884487881790847
579;782;0.059481010120362
579;790;0.0354691854678094
579;898;0.191809788066894
580;387;0.0204508798662573
580;419;0.0956614159978926
580;457;0.199402438895777
580;505;0.188956959126517
580;526;0.140500481706113
580;552;0.0336441954132169
580;740;0.168182356562465
580;936;0.172986235935241
581;248;0.138764926977456
581;316;0.164439578494057
581;438;0.102536213723943
581;507;0.0224792788270861
581;547;0.00173983382992446
581;609;0.0837396684102714
581;686;0.036880772607401
581;987;0.126042474992573
582;328;0.122164328442886
582;345;0.137186671094969
582;378;0.0204059524461627
582;528;0.0173398565035313
582;559;0.186551809962839
582;760;0.0849805090110749
582;787;0.0767575284000486
582;929;0.152805443294346
583;32;0.0821040815673769
583;597;0.00665617757476866
583;606;0.170594144007191
583;700;0.0541812097653747
583;748;0.0740972032304853
583;852;0.056613669032231
583;863;0.0644432166591287
583;976;0.188920851750299
584;517;0.112238817336038
584;550;0.125477410620078
584;633;0.0667660834267736
584;637;0.178283116966486
584;689;0.0485817308537662
584;775;0.0676763865165412
584;794;0.141181966802105
584;958;0.124779965728521
585;11;0.00206586304120719
585;85;0.121376853203401
585;439;0.0400989123620093
585;700;0.146227392600849
585;709;0.0503685540053994
585;889;0.176590780587867
585;976;0.0756886585149914
585;986;0.0316039125900716
586;329;0.138780072145164
586;410;0.128575774934143
586;413;0.170509575447068
586;518;0.017308555636555
586;555;0.114441359043121
586;664;0.00209865882061422
586;727;0.0627894147764891
586;745;0.0485662637744099
587;70;0.0417226845864207
587;91;0.170905372127891
587;274;0.186001668823883
587;298;0.130761457420886
587;395;0.133667669864371
587;598;0.108756077848375
587;723;0.150644897762686
587;886;0.168255276791751
588;229;0.0241652294527739
588;408;0.0257961424067616
588;451;0.146279459865764
588;556;0.18094542408362
588;561;0.00611185347661376
588;678;0.117145199934021
588;761;0.170284907752648
588;952;0.0377455612644553
589;16;0.14358807974495
589;218;0.0252297983970493
589;333;0.128101490531117
589;347;0.00738208298571408
589;469;0.198463781084865
589;498;0.0343599771615118
589;545;0.081332275737077
589;888;0.127375715738162
590;10;0.134007193474099
590;88;0.07947793812491
590;209;0.090681686764583
590;259;0.177134532853961
590;569;0.183828047476709
590;601;0.0724677281454206
590;844;0.168502719514072
590;869;0.0837422089185566
591;324;0.192653322918341
591;376;0.129199061356485
591;386;0.0665903815999627
591;422;0.0149208451155573
591;652;0.0190769756212831
591;667;0.018740257807076
591;838;0.0270793063566089
591;846;0.0994459071196616
592;109;0.160138332284987
592;160;0.0229004927445203
592;174;0.0605813504196703
592;189;0.129396325768903
592;333;0.13450975343585
592;388;0.090678238356486
592;503;0.197517159301788
592;733;0.0265795527026057
593;321;0.174398164078593
593;351;0.192432528547943
593;378;0.0767017993610352
593;424;0.0293276760261506
593;608;0.0567909830715507
593;736;0.143154032714665
593;885;0.163315596524626
593;951;0.121241876157001
594;68;0.144282482564449
594;355;0.175156847108155
594;448;0.049894382013008
594;493;0.188984971679747
594;596;0.0679579686839134
594;656;0.162467796448618
594;827;0.0552779988851398
594;941;0.0280121758580208
595;24;0.127760153030977
595;41;0.0444416453130543
595;259;0.018411729671061
595;371;0.00146416942588985
595;404;0.187996253604069
595;452;0.0737633660435677
595;657;0.0567297597881407
595;784;0.0444858557544649
596;243;0.0501398743130267
596;392;0.111094075720757
596;393;0.196931005688384
596;492;0.169965519756079
596;594;0.132574131293222
596;669;0.189434281224385
596;716;0.178502955054864
596;827;0.177125189453363
597;63;0.0153048413805664
597;288;0.0679819759912789
597;334;0.0175473611336201
597;568;0.0046500357799232
597;583;0.193771237926558
597;700;0.085922374855727
597;789;0.111374083068222
597;873;0.0574333933647722
598;265;0.0428096085786819
598;298;0.0499473788309842
598;541;0.115191007312387
598;587;0.0472429388202727
598;723;0.024603807553649
598;819;0.195923280948773
598;857;0.177625730261207
598;999;0.0468232460785657
599;234;0.00836466420441866
599;238;0.187911623949185
599;242;0.170695191575214
599;332;0.0561199805233628
599;390;0.0940851175691932
599;517;0.150912271626294
599;790;0.17403427734971
599;885;0.161676984326914
600;45;0.0747991768177599
600;162;0.1217370278202
600;340;0.0383520492352545
600;491;0.174259844748303
600;674;0.0374035144224763
600;688;0.0669960152823478
600;879;0.171322120260447
600;956;0.143710006168112
601;208;0.0664757012855262
601;270;0.0907496106345207
601;463;0.116328443074599
601;590;0.0227026005275548
601;644;0.00341132446192205
601;699;0.18791207652539
601;721;0.154760659346357
601;973;0.180845435755327
602;9;0.0857611869461835
602;138;0.00566723835654557
602;228;0.04733637268655
602;299;0.176732015004382
602;429;0.175271667260677
602;518;0.0938589352648705
602;546;0.174024604167789
602;563;0.0983409775421023
603;214;0.140516509534791
603;312;0.134122300986201
603;328;0.168076353752986
603;338;0.0978866568300873
603;344;0.0742047259584069
603;437;0.0651045908220112
603;523;0.0345409495290369
603;782;0.0804414317011833
604;125;0.194111937144771
604;323;0.048725691717118
604;691;0.10089901140891
604;732;0.124617465771735
604;839;0.0716611591633409
604;840;0.024966049566865
604;908;0.0751190342474729
604;983;0.178358711954206
605;272;0.0690232652239502
605;275;0.0362318923231214
605;421;0.188705197349191
605;667;0.191388763487339
605;746;0.0674480737186968
605;778;0.0810633772984147
605;829;0.0902548726648092
605;857;0.0832130424212664
606;114;0.0369502978399396
606;145;0.0767055380158126
606;188;0.194473457569256
606;325;0.0792937584687024
606;378;0.0561612687073648
606;431;0.160260184528306
606;485;0.0616576720029116
606;583;0.0442794999107718
607;207;0.144152805907652
607;451;0.104646874265745
607;556;0.122038389323279
607;722;0.145144954090938
607;730;0.095801785774529
607;761;0.126358937472105
607;791;0.185512289078906
607;902;0.0666034503374249
608;364;0.19104043757543
608;492;0.170833433559164
608;593;0.0686442958191037
608;634;0.184881969261914
608;731;0.0990004545543343
608;850;0.0666955078486353
608;868;0.196303074480966
608;922;0.0848934818524867
609;95;0.135309643670917
609;184;0.0856501049362123
609;185;0.15102003463544
609;252;0.0302108522038907
609;401;0.147261604294181
609;464;0.128533783135936
609;581;0.0287991281133145
609;790;0.114369434956461
610;40;0.107562026707456
610;233;0.0238964468706399
610;250;0.156123315682635
610;289;0.142932275682688
610;379;0.166895662434399
610;750;0.136675794934854
610;756;0.126428103819489
610;996;0.000184631487354636
611;357;0.115474293800071
611;410;0.0821596276480705
611;462;0.00340465963818133
611;653;0.0310682926792651
611;712;0.0388586169108748
611;916;0.110640582302585
611;971;0.160019445838407
611;975;0.050893214950338
612;537;0.0754102302249521
612;776;0.051831482630223
612;780;0.0524160421919078
612;856;0.196368316560984
612;943;0.0769295916426927
612;954;0.0374297259841114
612;968;0.132504549715668
612;991;0.0676787945907563
613;45;0.111963753402233
613;157;0.117486373661086
613;383;0.150309379445389
613;629;0.112093235878274
613;717;0.137171092489734
613;784;0.195442607114092
613;860;0.0660428215283901
613;956;0.015933444024995
614;247;0.0777658799663186
614;397;0.000871782377362251
614;398;0.0631104902364314
614;425;0.100940933870152
614;470;0.136778039811179
614;675;0.159465644601733
614;863;0.113063766807318
614;989;0.160199450654909
615;168;0.0339503849390894
615;192;0.0321730907075107
615;536;0.120541502954438
615;564;0.00561075014993548
615;796;0.0674774351529777
615;811;0.0998892876785249
615;832;0.156419260567054
615;835;0.0154220762196928
616;159;0.152962857624516
616;315;0.0575293113011867
616;418;0.0596740740351379
616;495;0.00990777192637324
616;623;0.0452978629618883
616;823;0.1738385300152
616;953;0.1198530735448
616;995;0.131047113379464
617;263;0.0386652531567961
617;360;0.19618602450937
617;362;0.12918505272828
617;394;0.118779983045533
617;450;0.191913608880714
617;544;0.0595547886565328
617;801;0.00765056544914842
617;861;0.0921609710901976
618;49;0.182823385018855
618;71;0.153921866882592
618;75;0.122718805540353
618;98;0.148971004970372
618;121;0.0416731639765203
618;131;0.155748647963628
618;501;0.0474454109556973
618;640;0.110111224651337
619;139;0.10251455497928
619;463;0.126054620090872
619;513;0.169192681275308
619;692;0.115622709458694
619;814;0.0818691479973495
619;821;0.0873788128141314
619;960;0.14602566389367
619;998;0.161662612017244
620;350;0.0723727639298886
620;389;0.18862451496534
620;434;0.160064038773999
620;579;0.131623263005167
620;818;0.132256857957691
620;829;0.176169511163607
620;875;0.16439415179193
620;906;0.0102829436771572
621;164;0.109140473138541
621;335;0.0237322236411273
621;542;0.193343088869005
621;823;0.0518298154696822
621;900;0.175922916270792
621;935;0.0839590465184301
621;973;0.153602444939315
621;995;0.119331949669868
622;111;0.00617653811350465
622;331;0.159264139039442
622;443;0.103984775580466
622;743;0.169058894040063
622;848;0.0711073954124004
622;859;0.0696214525029063
622;860;0.17089232839644
622;890;0.071846011467278
623;522;0.196343915490434
623;616;0.192449239781126
623;650;0.0777272149920464
623;660;0.16656106999144
623;689;0.0787093395832926
623;762;0.0152368429582566
623;814;0.0990854898001999
623;863;0.197953618783504
624;112;0.182396867312491
624;165;0.110344160534441
624;308;0.144734277110547
624;473;0.0853547831531614
624;496;0.00464321817271411
624;559;0.165670941164717
624;826;0.15856735012494
624;928;0.0215577010065317
625;224;0.152706172969192
625;325;0.101585199125111
625;431;0.0481517182663083
625;485;0.14367783148773
625;520;0.109271279815584
625;561;0.146850271103904
625;757;0.191530072130263
625;972;0.0375971356406808
626;315;0.0149783111177385
626;405;0.0922240893356502
626;418;0.0155977446585894
626;735;0.0492448286153376
626;740;0.0269592802971601
626;812;0.197124895779416
626;969;0.135015064710751
626;995;0.000612567877396941
627;31;0.136892989790067
627;395;0.065267277834937
627;399;0.148311851313338
627;462;0.085408384539187
627;474;0.175139669841155
627;684;0.114165010582656
627;742;0.157774304086342
627;870;0.173628537124023
628;112;0.188112260214984
628;141;0.0496615190990269
628;165;0.172308196360245
628;227;0.0108259144239128
628;496;0.117496356973425
628;854;0.0606301689054817
628;922;0.031462762132287
628;987;0.167191476235166
629;106;0.19417097424157
629;172;0.125934687396511
629;383;0.175936415232718
629;416;0.074759874260053
629;543;0.0234931515529752
629;613;0.143615036038682
629;639;0.0546874493826181
629;938;0.161595838656649
630;123;0.00439877854660153
630;535;0.0112841980531812
630;645;0.0447523542679846
630;698;0.166867149667814
630;704;0.104085230827332
630;754;0.157517051929608
630;822;0.082484016707167
630;855;0.0428790180478245
631;368;0.00592793286778033
631;686;0.0811597089283168
631;745;0.172718903422356
631;766;0.0506589201744646
631;770;0.116812958568335
631;916;0.03433528537862
631;962;0.137372510274872
631;965;0.142911354545504
632;19;0.0475900040008128
632;245;0.0159658524673432
632;296;0.0191035650670528
632;337;0.0244347061030567
632;435;0.138791290484369
632;645;0.0293746440671384
632;954;0.12234241371043
632;998;0.0725167639553547
633;142;0.0907928233034909
633;549;0.19981875824742
633;550;0.175673079118133
633;584;0.165944672282785
633;655;0.0947829035110772
633;775;0.152761673042551
633;794;0.187653872696683
633;992;0.063490155339241
634;183;0.0159474198706448
634;269;0.177903798455372
634;364;0.188078425405547
634;394;0.149905128357932
634;608;0.0907155178952962
634;646;0.11308666979894
634;736;0.150325715029612
634;850;0.115895291324705
635;99;0.133058936754242
635;115;0.126029765792191
635;276;0.150952331675217
635;447;0.102218865370378
635;483;0.0444832923822105
635;713;0.0822145990096033
635;764;0.043370526842773
635;867;0.00904425140470266
636;316;0.072200302965939
636;319;0.0122466524597257
636;407;0.138909570686519
636;489;0.0358724756166339
636;537;0.0729251833632588
636;644;0.0420741719659418
636;893;0.150690037570894
636;978;0.082513334043324
637;14;0.0169077202677727
637;490;0.11232827375643
637;549;0.178265963308513
637;584;0.121941236173734
637;655;0.046642593992874
637;845;0.181646808004007
637;917;0.121882520522922
637;992;0.0181402845773846
638;276;0.00585191510617733
638;483;0.113621533894911
638;544;0.0163346952293068
638;677;0.040152190765366
638;713;0.107639808487147
638;846;0.171279316116124
638;867;0.0604289940558374
638;950;0.0762222421355546
639;157;0.111746290000156
639;201;0.0444229581858963
639;629;0.176261678477749
639;780;0.189666133141145
639;812;0.0328311672899872
639;860;0.16861518016085
639;881;0.10524766203016
639;956;0.183148886123672
640;196;0.169436675775796
640;198;0.046515779895708
640;382;0.0246250072494149
640;394;0.129923385335132
640;618;0.0576872134581208
640;672;0.0289456708356738
640;797;0.0371963366866112
640;833;0.180731268925592
641;75;0.0995063837617636
641;98;0.197161902068183
641;198;0.0151748169213533
641;245;0.0538567599840462
641;382;0.0650806813500822
641;672;0.0892553048208356
641;862;0.0650367623660714
641;923;0.0309992752969265
642;511;0.147333666775376
642;516;0.129875572351739
642;643;0.142415021918714
642;673;0.122322251833975
642;787;0.16142438990064
642;849;0.15512477112934
642;865;0.192223925609142
642;924;0.0528076749760658
643;56;0.065673511615023
643;291;0.00707320785149932
643;309;0.0600660279858857
643;345;0.0725891139358282
643;402;0.173441446712241
643;528;0.14262957139872
643;642;0.0876623234245926
643;892;0.115150666702539
644;301;0.184752629324794
644;319;0.0469322493765503
644;407;0.0281937927938998
644;427;0.134605577541515
644;489;0.103732857201248
644;537;0.160331359459087
644;601;0.0574959529098123
644;636;0.178481103014201
645;366;0.0212956784758717
645;630;0.159970632055774
645;632;0.078456958476454
645;728;0.157822196464986
645;822;0.0803036340512335
645;855;0.0285820037592202
645;899;0.184177841618657
645;961;0.0299967997707427
646;320;0.0196265589445829
646;321;0.189998232619837
646;634;0.12984802108258
646;725;0.014414453227073
646;742;0.194236138369888
646;831;0.114945442974567
646;868;0.0732329969294369
646;909;0.124904004391283
647;280;0.08910544491373
647;458;0.0188736105337739
647;506;0.0344238827005029
647;541;0.0198576026130468
647;706;0.176708295335993
647;773;0.195645340299234
647;806;0.130034072324634
647;880;0.150531746493652
648;286;0.13903729962185
648;504;0.104814796708524
648;576;0.0734750503208488
648;707;0.149508188385516
648;719;0.170932060061023
648;786;0.0658445588778704
648;816;0.0867954655084759
648;901;0.0607488576322794
649;242;0.15945581975393
649;266;0.0858780726324767
649;272;0.162428716011345
649;365;0.114165549352765
649;499;0.15969677050598
649;781;0.146661055041477
649;897;0.0762854844331741
649;901;0.0454548793379217
650;8;0.054021611623466
650;480;0.13430476882495
650;512;0.0790686767548323
650;544;0.0149056679103523
650;623;0.146857614908367
650;757;0.0515484543517232
650;805;0.0561491055414081
650;933;0.0757108182180673
651;35;0.192008251138031
651;129;0.0436204673722386
651;224;0.177562080416828
651;232;0.0762367133051157
651;414;0.0156101258937269
651;492;0.169518575165421
651;654;0.121063729096204
651;798;0.161561148939654
652;122;0.0799867677502334
652;223;0.121351341949776
652;256;0.1816156482324
652;318;0.194289703667164
652;591;0.1932900801301
652;694;0.0587653640192002
652;806;0.170233439421281
652;851;0.192825015634298
653;368;0.16812936430797
653;391;0.103871679352596
653;463;0.064653385989368
653;611;0.0913720883894712
653;664;0.114481693552807
653;708;0.000900341011583805
653;962;0.0645127654075623
653;973;0.104042432736605
654;6;0.0669627064839006
654;306;0.161044511105865
654;489;0.112510283570737
654;651;0.0534485580399632
654;696;0.027227196469903
654;739;0.105537365050986
654;820;0.147601807583123
654;849;0.12932089115493
655;342;0.00756022199057043
655;420;0.121989323804155
655;472;0.0504021553788334
655;549;0.0175625290721655
655;633;0.0962321942672134
655;637;0.183348779706284
655;794;0.0181784159969538
655;992;0.0446150567848235
656;374;0.121157219447196
656;439;0.0199038384482265
656;448;0.0485072282142937
656;455;0.106433579698205
656;594;0.189260408468544
656;747;0.000335820065811276
656;813;0.143556270608678
656;835;0.0480407239403576
657;24;0.164457140350714
657;104;0.0261027655098587
657;236;0.194557622261345
657;371;0.186313733318821
657;423;0.0937265942804515
657;595;0.0850193395279348
657;784;0.0638204805087298
657;807;0.115941145177931
658;150;0.102045657206327
658;155;0.0810346129350364
658;216;0.0321077816188335
658;479;0.0484467030502856
658;577;0.188679834408686
658;931;0.100848730420694
658;946;0.0282746318727732
658;987;0.0953307374380529
659;267;0.126984588382766
659;313;0.126697773486376
659;346;0.124367822473869
659;460;0.0344635487999767
659;666;0.11083535249345
659;714;0.0732208813074976
659;903;0.0806679624132812
659;981;0.021834310842678
660;271;0.0811244012787938
660;418;0.0308863408863544
660;522;0.00594345638528466
660;542;0.139586635492742
660;623;0.038994566956535
660;866;0.0691003700252622
660;900;0.00629590172320604
660;995;0.185926884366199
661;251;0.193655054364353
661;536;0.113305340940133
661;694;0.186503303376958
661;709;0.0405092458240688
661;784;0.125680431164801
661;789;0.151180640328676
661;849;0.108417791500688
661;877;0.17803613981232
662;312;0.197113159811124
662;362;0.179057140741497
662;664;0.0689923899713904
662;708;0.0413862861692905
662;745;0.0341033513657749
662;912;0.0946953327395022
662;927;0.0208449055440724
662;962;0.176224522106349
663;180;0.155796681065112
663;224;0.198210828378797
663;266;0.134920025989413
663;317;0.180222801957279
663;343;0.0349493456538767
663;509;0.159247131599113
663;702;0.0633268233388662
663;788;0.155569774704054
664;78;0.0840942146256566
664;586;0.0866199412383139
664;653;0.130841380497441
664;662;0.162250290205702
664;712;0.130434855818748
664;727;0.0307947881985456
664;797;0.119944139802828
664;962;0.198659140896052
665;381;0.157605916960165
665;466;0.0345496281050146
665;529;0.196477424539626
665;695;0.145222484646365
665;779;0.088663822459057
665;824;0.14115874315612
665;891;0.199888507882133
665;993;0.102678580302745
666;133;0.0501319081988186
666;257;0.192428384674713
666;359;0.131489650299773
666;538;0.192837892007083
666;659;0.0372356517706066
666;675;0.0782726465724409
666;714;0.00106025859713554
666;939;0.160928382864222
667;33;0.0837723863311112
667;115;0.10873965267092
667;176;0.175430085649714
667;182;0.169628992537037
667;436;0.0766895531211048
667;541;0.0899026754312217
667;591;0.105434298282489
667;605;0.0583596398122609
668;227;0.0378289338201284
668;318;0.0939753612503409
668;348;0.117563167680055
668;679;0.0891123261768371
668;728;0.0255971400998533
668;872;0.0615144774783403
668;937;0.0403512054122984
668;966;0.0953588380943984
669;68;0.103483337862417
669;185;0.106133518600836
669;355;0.103634290862828
669;448;0.0957854493521154
669;596;0.136187118291855
669;685;0.073772777011618
669;716;0.0780360457021743
669;827;0.169363316614181
670;58;0.0169567452743649
670;482;0.138254225533456
670;508;0.0960207235068083
670;707;0.108940241439268
670;719;0.180947300698608
670;816;0.0136141946073622
670;817;0.131275992328301
670;844;0.111540223099291
671;190;0.156686502788216
671;330;0.0422071516048163
671;400;0.0440728365443647
671;561;0.0477852056268603
671;687;0.198345087468624
671;711;0.0663682831916958
671;858;0.190859996294603
671;940;0.183319808496162
672;42;0.102972371783108
672;121;0.0753362181596458
672;245;0.0930872960016131
672;500;0.0412457249127328
672;576;0.091922109760344
672;640;0.114598481915891
672;641;0.15032128226012
672;947;0.134102980373427
673;337;0.127070533530787
673;354;0.161221253219992
673;642;0.0489775226451457
673;787;0.0379468112718314
673;892;0.0692069290205836
673;924;0.0829440074507147
673;929;0.0619067154824734
673;955;0.125608707452193
674;26;0.0794981401413679
674;327;0.163027684902772
674;451;0.197180630033836
674;558;0.166131205437705
674;566;0.148706609290093
674;600;0.123963284492493
674;804;0.176513045048341
674;902;0.10836345651187
675;176;0.0444315523840487
675;188;0.147912116209045
675;614;0.0562482574954629
675;666;0.13479962432757
675;753;0.0576258675660938
675;940;0.156565806921572
675;941;0.124074867134914
675;969;0.0543410376645625
676;304;0.0253182619344443
676;385;0.0547630087472498
676;461;0.0110074780881405
676;548;0.196887259744108
676;554;0.145418476546183
676;690;0.141288017528132
676;704;0.103877530060709
676;718;0.108359790453687
677;210;0.159813881618902
677;428;0.169578917697072
677;506;0.0484519610647112
677;638;0.101675140671432
677;764;0.109164352575317
677;873;0.0246479080989957
677;893;0.195673889759928
677;915;0.176744051976129
678;541;0.16875423961319
678;546;0.170269754435867
678;556;0.184444500505924
678;565;0.122196719050407
678;588;0.0594004523474723
678;722;0.198489754786715
678;767;0.164227389637381
678;952;0.082137805223465
679;47;0.0832311608362943
679;530;0.0325054832734168
679;668;0.139382670633495
679;691;0.00539240343496203
679;720;0.0359661175403744
679;768;0.151410746760666
679;908;0.0952207014895976
679;983;0.0651732529047877
680;134;0.0996008961927146
680;167;0.153802861459553
680;229;0.022811647830531
680;254;0.0861505259294063
680;297;0.0326133137568831
680;442;0.191263390844688
680;813;0.189691820926964
680;944;0.133959424542263
681;122;0.0947981585282832
681;246;0.17012597899884
681;289;0.0821278760675341
681;392;0.0570522679947317
681;710;0.120748579921201
681;746;0.0298515592701733
681;752;0.113861058838665
681;779;0.030901136668399
682;156;0.13839067760855
682;244;0.1963108046446
682;276;0.0252216713968664
682;337;0.00880672493949533
682;348;0.111218205979094
682;792;0.189872115897015
682;800;0.118666421622038
682;828;0.199888551980257
683;100;0.152588754193857
683;280;0.140512202028185
683;283;0.113421371299773
683;321;0.109212251799181
683;455;0.138972587464377
683;508;0.197147140558809
683;837;0.197234905743971
683;990;0.12100304425694
684;84;0.0480651923455298
684;237;0.0378575248643756
684;248;0.0448653013911098
684;445;0.122713930811733
684;559;0.141280155535787
684;627;0.0673662789631635
684;804;0.069330604467541
684;996;0.15297972667031
685;197;0.0962345782201737
685;404;0.134484165208414
685;669;0.162894208356738
685;827;0.176520544243976
685;873;0.173250025883317
685;928;0.027061883918941
685;951;0.158202173700556
685;986;0.199318657023832
686;140;0.192193737160414
686;197;0.0785634234547615
686;277;0.146766677545384
686;510;0.11694999858737
686;581;0.157261711452156
686;631;0.0556240789126605
686;789;0.169720294140279
686;799;0.178676218166947
686;871;0.0973083286546171
687;373;0.0429287792183459
687;484;0.103352694679052
687;504;0.0311636250000447
687;514;0.170722776278853
687;671;0.176377362664789
687;728;0.0244848677888513
687;757;0.156260205712169
687;777;0.187319827871397
687;812;0.0784946551080793
688;45;0.168914874689654
688;110;0.179045635275543
688;260;0.16451851259917
688;326;0.170133315538988
688;416;0.041103734401986
688;600;0.056166706001386
688;769;0.10405742013827
688;956;0.0980257882270962
688;978;0.074729716591537
689;349;0.0604863606393337
689;390;0.0652686879970133
689;495;0.153785252943635
689;522;0.173759409412742
689;544;0.0788513680920005
689;584;0.182975069712847
689;623;0.0601631636265665
689;755;0.0594208824448288
689;823;0.12516870694235
690;72;0.120838809292763
690;77;0.0231399361975491
690;97;0.0826246191281825
690;228;0.134174560150132
690;676;0.0330753831658512
690;718;0.0849393451120704
690;855;0.138450902700424
690;909;0.192195327812806
690;961;0.0827760533429682
691;265;0.0645169431343675
691;323;0.178950433200225
691;487;0.0908015299588442
691;524;0.00479686507023871
691;530;0.0255959992296994
691;557;0.0450511659029871
691;604;0.0722219623625279
691;679;0.163929435331374
691;765;0.118647890351713
692;328;0.10082942713052
692;336;0.0514937815256417
692;409;0.167136128572747
692;532;0.0205473166890442
692;562;0.0562171696685255
692;619;0.0383052696008235
692;752;0.185475818160921
692;932;0.176626350544393
692;943;0.172155805537477
693;117;0.0325251165311784
693;210;0.0300312892068177
693;293;0.016164741711691
693;468;0.121180129470304
693;533;0.0617971675470471
693;762;0.0189939758274704
693;834;0.049704721942544
693;915;0.147459013899788
693;1000;0.114667536411434
694;156;0.135915274918079
694;187;0.144422005396336
694;200;0.150019160704687
694;221;0.117114466382191
694;652;0.0827658939175308
694;661;0.0261356087401509
694;792;0.078872843971476
694;828;0.0828066142741591
694;918;0.138121325755492
695;87;0.194977602921426
695;205;0.00627144575119019
695;457;0.0497002009768039
695;484;0.0018102677538991
695;512;0.198585656424984
695;532;0.0769037809222937
695;552;0.135825700033456
695;665;0.0121990405954421
695;747;0.0123928438872099
696;300;0.104259733203799
696;367;0.0945328884292394
696;447;0.138142352504656
696;502;0.00780338207259774
696;654;0.163515276834369
696;829;0.0084695971570909
696;838;0.109038437204435
696;895;0.0904677964281291
696;926;0.0432512354571372
697;268;0.17243088982068
697;290;0.0317901060916483
697;527;0.0431263069622219
697;539;0.176878780731931
697;575;0.108736122678965
697;732;0.12423201976344
697;802;0.044174933899194
697;877;0.184693440189585
697;948;0.174137509940192
698;107;0.0656159998383373
698;237;0.0393180711660534
698;476;0.0783927489537746
698;554;0.152660035947338
698;559;0.191871313517913
698;565;0.000952831190079451
698;630;0.1340845185332
698;821;0.0560614570975304
698;961;0.186868407065049
699;282;0.032871273253113
699;291;0.0258909345138818
699;403;0.105304908566177
699;601;0.0260309901554137
699;774;0.0691923527512699
699;817;0.0893017514143139
699;844;0.136334733478725
699;869;0.0143070762511343
699;897;0.129022541502491
700;389;0.155813257675618
700;434;0.0316601699218154
700;565;0.165887470450252
700;583;0.0269394618459046
700;585;0.0821890125516802
700;597;0.0663230482954532
700;782;0.0344650052022189
700;897;0.116721075447276
700;976;0.0738504544366151
701;110;0.0911519141402096
701;211;0.0704066543839872
701;427;0.129688312066719
701;494;0.0192843846511096
701;565;0.0328334413003176
701;806;0.158845414593816
701;837;0.00565271056257188
701;851;0.0862390071619302
701;933;0.121760000940412
702;224;0.110523923207074
702;232;0.133368406072259
702;263;0.0641667303163558
702;360;0.185642251279205
702;414;0.154242382477969
702;447;0.00382612184621394
702;509;0.120624033734202
702;663;0.163767952844501
702;861;0.0360252523329109
703;32;0.147098093898967
703;308;0.116047327360138
703;389;0.162649253057316
703;434;0.0639339152723551
703;748;0.18148012207821
703;843;0.148158329259604
703;858;0.129485196387395
703;976;0.0986305884551257
703;991;0.155668727867305
704;107;0.0108859231229872
704;228;0.0161173871718347
704;630;0.175547516532242
704;676;0.0228101822081953
704;718;0.135458311624825
704;744;0.0293249018955976
704;822;0.0173933401703835
704;911;0.0430277172010392
704;961;0.00792519277893007
705;62;0.0626778191421181
705;105;0.0606591889634728
705;175;0.088915498694405
705;831;0.0685846145730466
705;870;0.117607744596899
705;872;0.195701575139537
705;886;0.0835707193706185
705;981;0.0954268319532275
705;999;0.164089986914769
706;251;0.0857961277477443
706;408;0.114093255018815
706;451;0.00277706799097359
706;489;0.0658277786336839
706;497;0.190963231492788
706;647;0.00570472655817866
706;767;0.103854803740978
706;795;0.170330954901874
706;925;0.18160481271334
707;376;0.149223909946159
707;403;0.0698072581086308
707;572;0.144798983028159
707;648;0.111423582490534
707;670;0.0447004355490208
707;764;0.0811031919904053
707;786;0.0120211984030902
707;816;0.0157729642931372
707;869;0.15154038160108
708;82;0.125585225876421
708;362;0.0931335450150073
708;368;0.131037604715675
708;391;0.09478904241696
708;653;0.000993900932371616
708;662;0.197785691544414
708;712;0.0249327518045902
708;766;0.152162240678445
708;845;0.181557167414576
709;109;0.118561432836577
709;539;0.0125759308226407
709;551;0.161427498841658
709;575;0.00816414197906852
709;585;0.0585137702990323
709;661;0.100251227337867
709;948;0.0168796752113849
709;959;0.0235677724704146
709;988;0.115073102898896
710;132;0.0641165611334145
710;204;0.168127733841538
710;365;0.11006297157146
710;377;0.0973315982613713
710;387;0.0692622065544128
710;681;0.0170652092900127
710;751;0.12348114089109
710;914;0.0102073611225933
710;967;0.00925312540493906
711;10;0.00736651313491166
711;114;0.139230288239196
711;292;0.0275628555100411
711;325;0.0451293902937323
711;431;0.13165716547519
711;459;0.0597749480977654
711;480;0.158612377755344
711;520;0.1462838628795
711;671;0.0854319970589131
712;82;0.05378169673495
712;498;0.130859939940274
712;611;0.180316457198933
712;664;0.0696812042035162
712;708;0.192247326765209
712;839;0.0886345471255481
712;851;0.175787398964167
712;942;0.164368549128994
712;965;0.177342423610389
713;1;0.117053468804806
713;307;0.147960555087775
713;535;0.0972794235218316
713;565;0.10397167224437
713;635;0.130046821804717
713;638;0.0681137313134968
713;764;0.043198350071907
713;867;0.136554746935144
713;907;0.144323215167969
714;133;0.186989221721888
714;313;0.170528053678572
714;356;0.146613213513047
714;460;0.191844573337585
714;570;0.173939508991316
714;659;0.0446139122825116
714;666;0.0811814857181162
714;903;0.0620793866924942
714;979;0.190482620056719
715;28;0.0688217629678547
715;35;0.00027583297342062
715;232;0.167944371886551
715;259;0.0462750570382923
715;274;0.139593120012432
715;317;0.12498804749921
715;544;0.0214309638366103
715;861;0.154616975551471
715;862;0.183063938841224
716;243;0.145881180744618
716;393;0.137713855365291
716;439;0.0236072957981378
716;571;0.115118398889899
716;596;0.0837924297433347
716;669;0.192746161250398
716;841;0.188316936139017
716;856;0.0633656809572131
716;927;0.00507608973421156
717;157;0.0362785151228309
717;260;0.0240630488377064
717;354;0.199807511037216
717;379;0.179503777250648
717;383;0.0601757450494915
717;416;0.0765209286939353
717;572;0.176433302741498
717;613;0.105805701902136
717;881;0.063685352075845
718;97;0.102148186508566
718;107;0.143426626734436
718;449;0.104850062169135
718;461;0.0569989171344787
718;551;0.113085149368271
718;676;0.0720786799211055
718;690;0.142817656556144
718;704;0.142096559377387
718;822;0.0921702369116247
719;58;0.0950051366351545
719;89;0.107973318407312
719;286;0.0992233279626817
719;311;0.186115439422429
719;375;0.0779213527683169
719;569;0.0613852420821786
719;648;0.152076671971008
719;670;0.0873524604830891
719;901;0.125694186147302
720;89;0.142605625186115
720;149;0.131737786764279
720;316;0.128988538403064
720;508;0.142951641092077
720;569;0.00284846522845328
720;679;0.175708622764796
720;721;0.166606241464615
720;786;0.15261725471355
720;897;0.186346799507737
721;286;0.143007240165025
721;375;0.0819713806733489
721;482;0.135450027324259
721;601;0.178132593492046
721;720;0.140492347860709
721;786;0.00795713569968939
721;841;0.11934616016224
721;869;0.0299219417851418
721;973;0.122469898220152
722;178;0.160261875903234
722;451;0.0751030982472003
722;561;0.00194978620857
722;607;0.0918703727889806
722;678;0.169730875687674
722;791;0.0756062206812203
722;795;0.145806006155908
722;902;0.173805334977806
722;925;0.137871903087944
723;274;0.0814364162739366
723;278;0.166035983758047
723;587;0.0337913553230464
723;598;0.18500627935864
723;760;0.0807124694809318
723;857;0.10607802500017
723;872;0.140160417696461
723;981;0.0220028921496123
723;999;0.0109621591866016
724;246;0.144110017688945
724;376;0.153065909817815
724;737;0.0768862804863602
724;743;0.0120973504614085
724;791;0.0832223333418369
724;795;0.023338524159044
724;846;0.0226256975438446
724;890;0.19335312335752
724;963;0.0791771948803216
725;174;0.08984852922149
725;189;0.151748250797391
725;231;0.0264319885056466
725;341;0.155690335482359
725;466;0.198848114488646
725;646;0.183869624091312
725;822;0.182973940530792
725;894;0.00995948449708521
725;949;0.0631322336383164
726;79;0.12674006447196
726;137;0.18392035686411
726;226;0.069117045821622
726;432;0.109425299428403
726;522;0.117654932942241
726;540;0.000383705319836736
726;567;0.160181929683313
726;874;0.0556310860905796
726;923;0.11006080317311
727;57;0.0840098608285189
727;277;0.141204091208056
727;357;0.185907858563587
727;586;0.104876311728731
727;664;0.0216830533463508
727;766;0.127386476658285
727;851;0.0418974325526506
727;937;0.149922002060339
727;971;0.188370752381161
728;123;0.034975946880877
728;444;0.164321840321645
728;574;0.135230183694512
728;645;0.149576627602801
728;668;0.119099374767393
728;687;0.027241483097896
728;731;0.02973169432953
728;733;0.125350625626743
728;816;0.174056916916743
729;107;0.0216482034884393
729;304;0.148508901754394
729;366;0.163036378286779
729;385;0.0646398550830782
729;411;0.180765375634655
729;461;0.0839234903454781
729;518;0.185993812326342
729;855;0.0972561864648014
729;909;0.104410307714716
730;259;0.12009560726583
730;546;0.124013835005462
730;571;0.0237585192080587
730;607;0.153377818269655
730;761;0.171621436160058
730;781;0.139239767938852
730;795;0.144123391108587
730;800;0.0402078341692686
730;902;0.146485610492527
731;364;0.106434772536159
731;424;0.181229777587578
731;525;0.0235408611595631
731;608;0.0440013907849789
731;728;0.0905193171929568
731;850;0.170948053942993
731;868;0.0740185880567878
731;951;0.0148118423763663
731;978;0.164622381515801
732;524;0.144197548227385
732;530;0.0192278631962836
732;558;0.101183080673218
732;604;0.0117326255887747
732;697;0.0538423120509833
732;839;0.0313075958751142
732;955;0.106611729506403
732;980;0.15914496248588
732;983;0.176341241737828
733;159;0.100835512997583
733;261;0.037835322925821
733;266;0.0838333837222308
733;458;0.169804156245664
733;592;0.127389625553042
733;728;0.173390892473981
733;747;0.133333806088194
733;805;0.0821545874234289
733;852;0.185807248670608
734;29;0.0486302277073264
734;176;0.131726923165843
734;202;0.0592945982236415
734;348;0.0102252039127052
734;350;0.0260540863499045
734;356;0.0301646622363478
734;460;0.173964054416865
734;740;0.196803228417411
734;939;0.113230033172295
735;271;0.0772178132552654
735;284;0.159877882665023
735;503;0.119093957170844
735;576;0.100870516477153
735;626;0.164965392276645
735;741;0.194590362161398
735;789;0.165945172868669
735;913;0.116915176995099
735;935;0.0985781697090715
736;192;0.0420842098537832
736;269;0.0586511484347284
736;467;0.12969607221894
736;593;0.0221498895436525
736;634;0.1853545056656
736;756;0.174413304496557
736;850;0.0392164889723063
736;885;0.029144283477217
736;904;0.0712536822538823
737;67;0.0217955355532467
737;180;0.0387024548370391
737;364;0.0841813195031136
737;379;0.174238713318482
737;397;0.0283258023671806
737;398;0.0407740323338658
737;724;0.162983961449936
737;969;0.144754407228902
737;977;0.160601242585108
738;111;0.00758526655845344
738;331;0.150924144033343
738;396;0.123206458287314
738;443;0.160144843999296
738;743;0.178380939457566
738;791;0.0769017078913748
738;859;0.167502053733915
738;890;0.055701119126752
738;963;0.120865191100165
739;140;0.156466163881123
739;322;0.0921912556048483
739;367;0.134122980944812
739;510;0.141551076667383
739;528;0.0575911211781204
739;654;0.0941430169623345
739;849;0.130556699261069
739;895;0.123959671938792
739;926;0.144356129923835
740;313;0.0893159348517656
740;402;0.0227362571284175
740;580;0.0918551784940064
740;626;0.00429277331568301
740;734;0.0187534215860069
740;777;0.122416311595589
740;823;0.190645957225934
740;892;0.111465666349977
740;907;0.0715820042882115
741;57;0.0805014702957124
741;357;0.197950325906277
741;368;0.0438583772629499
741;541;0.137571613909677
741;555;0.154132264619693
741;735;0.0342806286178529
741;942;0.0986036520916969
741;962;0.0283308804500848
741;971;0.191753969574347
742;185;0.0859127857256681
742;401;0.110074139758945
742;406;0.00200904258526862
742;436;0.11930520888418
742;464;0.14891601302661
742;627;0.1002102246508
742;646;0.115013685962185
742;790;0.0637708494439721
742;883;0.0589836091734469
743;37;0.121387590188533
743;145;0.0808306660503149
743;331;0.199336172407493
743;622;0.100807475671172
743;724;0.0381325513124466
743;738;0.107387027842924
743;859;0.17299979608506
743;890;0.132691290415823
743;963;0.109269696380943
744;123;0.0851334345992655
744;237;0.0126009976956993
744;338;0.0346365255303681
744;411;0.172877657599747
744;461;0.184329261304811
744;548;0.164748341124505
744;554;0.0603962481021881
744;704;0.00225496632046998
744;971;0.0763596984092146
745;410;0.0456791379023343
745;446;0.0471464751288295
745;466;0.165104524232447
745;586;0.145666872430593
745;631;0.179499326180667
745;662;0.0959281431976706
745;766;0.0164524631109089
745;890;0.0341434426605701
745;927;0.100662532728165
746;204;0.169987209374085
746;377;0.0716462702956051
746;605;0.15773375746794
746;681;0.0425500236917287
746;751;0.0933572233188897
746;754;0.0382862976752222
746;778;0.0349786210339516
746;902;0.101625506067649
746;967;0.167080467101187
747;41;0.147790983971208
747;159;0.0165145847015083
747;189;0.168640549574047
747;261;0.0280876343138516
747;295;0.196064577111974
747;574;0.0817788514308632
747;656;0.176154978852719
747;695;0.16270021609962
747;733;0.179186760867015
748;85;0.129255788354203
748;334;0.14397045224905
748;427;0.0607174929231405
748;525;0.0235551675315946
748;583;0.0559009165037423
748;703;0.128982859663665
748;759;0.00635465141385794
748;947;0.13954498548992
748;976;0.196024457225576
749;16;0.143502635415643
749;218;0.147982629481703
749;535;0.138815646106377
749;785;0.143686672626063
749;848;0.0602592848241329
749;853;0.183075535204262
749;887;0.00436167493462563
749;905;0.111006724927574
749;921;0.135048864781857
750;127;0.0901220810599625
750;144;0.166797962924466
750;180;0.191017383150756
750;247;0.112146708182991
750;397;0.118314126878977
750;473;0.0162138838786632
750;610;0.175139902252704
750;830;0.0162394469603896
750;839;0.17183557911776
751;7;0.0886348879896104
751;365;0.148629093170166
751;377;0.0415369857102633
751;710;0.0364908915013075
751;746;0.11202099933289
751;778;0.0883711641188711
751;842;0.0419851933140308
751;875;0.0498312076088041
751;914;0.169374111667275
752;76;0.0659621400292963
752;81;0.0174511294811964
752;513;0.172520185541362
752;681;0.196002908563241
752;692;0.108553448924795
752;819;0.19584642178379
752;821;0.150152999069542
752;932;0.0388397214002907
752;960;0.188403742527589
753;122;0.145512939617038
753;138;0.125041933776811
753;146;0.183062457852066
753;199;0.119553387723863
753;307;0.0388018055818975
753;573;0.0857734794262797
753;675;0.162386587634683
753;779;0.0976949205156416
753;825;0.155131411552429
754;132;0.0739337760489434
754;275;0.0923247371800244
754;630;0.0641294355969876
754;746;0.172353801876307
754;774;0.114111632062122
754;778;0.0349962211679667
754;914;0.130315913259983
754;978;0.00320272450335324
754;997;0.00848658210597932
755;245;0.120197212789208
755;349;0.0256712820380926
755;522;0.0522070996463299
755;689;0.0915625586174428
755;771;0.0650872863829136
755;823;0.197060301620513
755;900;0.145010738167912
755;953;0.143617447605357
755;995;0.139927186863497
756;273;0.073547516670078
756;332;0.155823422875255
756;372;0.191470635123551
756;501;0.11677934541367
756;534;0.178965619718656
756;610;0.174723611818627
756;736;0.00723989303223789
756;830;0.0553827202413231
756;875;0.124192010192201
757;184;0.126203680178151
757;325;0.00440829070284963
757;338;0.0880232457071543
757;400;0.192092506540939
757;454;0.138600420160219
757;625;0.0032219854183495
757;650;0.0590740994550288
757;687;0.106333114765584
757;945;0.189155607577413
758;64;0.0631281908601522
758;428;0.0429064228199422
758;473;0.128728606225923
758;523;0.00476789698004723
758;797;0.177703475859016
758;833;0.193138981005177
758;836;0.172829173365608
758;976;0.0898794128093869
758;986;0.158297530002892
759;186;0.108652725722641
759;312;0.0723150425124914
759;478;0.041674862941727
759;494;0.0964592360891402
759;748;0.0144559858366847
759;773;0.071719792438671
759;799;0.00104834074154496
759;974;0.0467693639453501
759;1000;0.0587279092520475
760;291;0.183869178732857
760;345;0.0179195043165237
760;463;0.116471787914634
760;511;0.0614976623561233
760;582;0.173526377230883
760;723;0.17937621511519
760;824;0.0937669398263097
760;910;0.161093703983352
760;924;0.0639857769012451
761;343;0.14505124730058
761;408;0.118771967105567
761;451;0.0607258341740817
761;497;0.0507697294000536
761;556;0.173333719698712
761;588;0.0416872358415276
761;607;0.0347645418252796
761;730;0.198180732969195
761;925;0.117688306095079
762;113;0.0159166560508311
762;117;0.144843749608845
762;210;0.19529396831058
762;293;0.136515723634511
762;468;0.0414565520361066
762;533;0.113975870376453
762;623;0.0601888170465827
762;693;0.0112975356169045
762;915;0.0919446705374867
763;137;0.0384039088152349
763;217;0.129349236888811
763;249;0.134011988993734
763;465;0.0432821977883577
763;523;0.15950681110844
763;540;0.123490676796064
763;567;0.0916518243961036
763;865;0.0846885512117296
763;874;0.176869826437905
764;240;0.178482113499194
764;381;0.139496132871136
764;428;0.197014789748937
764;551;0.132071629213169
764;576;0.0977798615582287
764;635;0.0408080203458667
764;677;0.004609469557181
764;707;0.0435875049326569
764;713;0.0784069905988872
765;151;0.0429668636526912
765;195;0.0671084692236036
765;239;0.0762096532154828
765;324;0.047808240680024
765;445;0.178314618580043
765;558;0.198136666184291
765;691;0.0702303213067353
765;966;0.0700971806421876
765;983;0.059190062340349
766;168;0.0560601682402194
766;410;0.194783904077485
766;555;0.0551533818244934
766;631;0.020511770946905
766;708;0.0935664163902402
766;727;0.0386836948804557
766;745;0.147119218995795
766;965;0.0738769195508212
766;971;0.135924783255905
767;174;0.163943186122924
767;178;0.0112374874763191
767;191;0.165337919583544
767;259;0.10504441075027
767;489;0.0957125457935035
767;556;0.192360308207572
767;678;0.040917014842853
767;706;0.0173990086186677
767;952;0.0359473451972008
768;265;0.0143149871844798
768;398;0.157664106506854
768;441;0.00589289381168783
768;474;0.154141853097826
768;679;0.14575288076885
768;819;0.182602624688298
768;869;0.0228166428860277
768;983;0.0136989574413747
768;996;0.110239196615294
769;73;0.196622960548848
769;130;0.17403391613625
769;381;0.118765246542171
769;481;0.0134970044251531
769;572;0.189066434046254
769;575;0.140521252295002
769;688;0.07331179138273
769;948;0.0859969874378294
769;988;0.126026690891013
770;320;0.0209819834213704
770;341;0.09199782400392
770;374;0.00989334397017956
770;388;0.0846630055457354
770;562;0.163054918218404
770;631;0.128317494085059
770;805;0.128271916368976
770;894;0.0303160083480179
770;949;0.110584219964221
771;112;0.0246550617273897
771;250;0.048902812320739
771;402;0.119195513008162
771;525;0.0967801323626191
771;559;0.167466554697603
771;755;0.0199981413315982
771;900;0.0624720981344581
771;955;0.0525886211544275
771;969;0.147489780792966
772;186;0.199766794312745
772;281;0.153776949178427
772;475;0.0658721731975675
772;778;0.199589579971507
772;785;0.126511767879128
772;905;0.189081719936803
772;919;0.143628260632977
772;921;0.197656618151814
772;927;0.135716472892091
773;18;0.129651108616963
773;54;0.0608466459903866
773;477;0.0414402537513524
773;647;0.0436407736968249
773;759;0.109735782258213
773;799;0.0961179304402322
773;871;0.0286668032407761
773;896;0.108686581859365
773;974;0.123193275509402
774;130;0.0178647950291634
774;324;0.170108806388453
774;403;0.074425926245749
774;699;0.0329847343731672
774;754;0.186990534933284
774;802;0.132094055879861
774;809;0.0273813454434276
774;827;0.00011642100289464
774;997;0.0340791200753301
775;339;0.12891584248282
775;342;0.124313321430236
775;493;0.182750343112275
775;549;0.154330181889236
775;584;0.171875131176785
775;633;0.197606134507805
775;794;0.0748541682958603
775;941;0.141225413745269
775;992;0.123847175994888
776;126;0.0210772666614503
776;278;0.127702565910295
776;409;0.011539714736864
776;515;0.140098573919386
776;612;0.0851304883603007
776;821;0.059292645053938
776;856;0.00817777551710606
776;932;0.0154515936970711
776;998;0.0534203708171845
777;20;0.00769932246766985
777;135;0.11696211588569
777;373;0.0629751930944622
777;453;0.131816948065534
777;536;0.153148971591145
777;687;0.178935124073178
777;740;0.0866847197990865
777;907;0.189769273996353
777;989;0.120414181333035
778;204;0.0745551906060428
778;377;0.110131157189608
778;605;0.0761527182999998
778;746;0.0949929863214493
778;751;0.137539457762614
778;754;0.137464923458174
778;772;0.120246284920722
778;815;0.164567885547876
778;875;0.0195265780203044
779;55;0.137791344011202
779;299;0.110493154684082
779;305;0.0428200723137707
779;371;0.148186269775033
779;429;0.134330779546872
779;665;0.150739756552503
779;681;0.18944202628918
779;753;0.109743443923071
779;941;0.180085162306204
780;76;0.186956313159317
780;215;0.192608693661168
780;515;0.0653972451109439
780;612;0.180328717501834
780;639;0.0594551332294941
780;856;0.127979913586751
780;932;0.128283990733325
780;968;0.102678504446521
780;998;0.0715119306463748
781;190;0.114718419173732
781;206;0.00563500495627522
781;255;0.159503970528021
781;285;0.198519150074571
781;649;0.0118461487349123
781;730;0.172386513417587
781;801;0.188244380056858
781;920;0.104130481462926
781;982;0.153476199228317
782;63;0.128223906131461
782;95;0.0592930813785642
782;344;0.0379511015955359
782;437;0.104180361097679
782;462;0.0210786199197173
782;573;0.0398373030591756
782;579;0.00413534813560545
782;603;0.0145750647876412
782;700;0.0959124414715916
783;227;0.0871136295143515
783;268;0.0849651417229325
783;349;0.0671961519867182
783;359;0.0300587330013514
783;464;0.0789472046308219
783;481;0.0401479602791369
783;534;0.127875359216705
783;538;0.0798228769097477
783;953;0.16636993130669
784;203;0.199483866570517
784;371;0.186018284782767
784;423;0.0217587021645159
784;504;0.101053092535585
784;595;0.0151130049489439
784;613;0.00574711035005748
784;657;0.0604788368102163
784;661;0.176189612876624
784;810;0.066162257315591
785;498;0.143502781447023
785;567;0.162689253780991
785;749;0.110304344631732
785;772;0.199461748031899
785;839;0.167723778635263
785;864;0.106103500118479
785;888;0.0150739684235305
785;919;0.168757549440488
785;921;0.0445989567786455
786;298;0.0592989058233798
786;403;0.106437547272071
786;508;0.0389132128097117
786;648;0.0885564726311713
786;707;0.118147514481097
786;720;0.133772236527875
786;721;0.181090710125864
786;816;0.164328094478697
786;817;0.0545936903450638
787;511;0.18869299874641
787;528;0.101183862797916
787;582;0.156785472482443
787;642;0.0937538152094931
787;673;0.0472193660214543
787;824;0.189009725861251
787;911;0.0537989877630025
787;924;0.0463287284597755
787;929;0.159779673442245
788;8;0.146512301079929
788;35;0.0253437111154199
788;136;0.0206835332326591
788;197;0.155482744565234
788;343;0.167057330301031
788;450;0.149718925915658
788;663;0.0673473394010216
788;808;0.168248816207051
788;862;0.0336035627871752
789;108;0.131853165617213
789;169;0.128857804415748
789;279;0.080188638297841
789;597;0.131285949936137
789;661;0.00949698267504573
789;686;0.0305956598371267
789;735;0.0319556239526719
789;796;0.071006333315745
789;832;0.0881318657658994
790;48;0.0422983126249164
790;238;0.00239507369697094
790;406;0.0967487217858434
790;520;0.167136696819216
790;579;0.0168235316406935
790;599;0.176969977654517
790;609;0.142786558810621
790;742;0.0654910096433014
790;942;0.167179003730416
791;50;0.106297307182103
791;451;0.135921612661332
791;497;0.182828365033492
791;607;0.087982056569308
791;722;0.128331360919401
791;724;0.126447333488613
791;738;0.131497377157211
791;902;0.156656204676256
791;937;0.146935891406611
792;2;0.178485697926953
792;220;0.0354751692619175
792;266;0.118728976324201
792;417;0.0958713834639639
792;682;0.0826822625473142
792;694;0.186617138097063
792;828;0.0779588629957289
792;891;0.164784793928266
792;918;0.100554172927514
793;59;0.085518867103383
793;117;0.0587995496112853
793;171;0.195137425838038
793;240;0.145222612516955
793;390;0.178426919970661
793;812;0.044027657341212
793;823;0.175314901210368
793;941;0.193679364491254
793;953;0.170499562378973
794;12;0.125796578172594
794;394;0.149602638650686
794;584;0.103221426811069
794;633;0.0591499945614487
794;655;0.179376564500853
794;775;0.187136279465631
794;917;0.0364485867787153
794;958;0.173750411719084
794;992;0.101871566521004
795;50;0.0590850039385259
795;285;0.177019243966788
795;294;0.105215410701931
795;556;0.153310724068433
795;706;0.130349714262411
795;722;0.156895732413977
795;724;0.160789417102933
795;730;0.188114686869085
795;952;0.194331072736531
796;146;0.150278550712392
796;250;0.185206665098667
796;436;0.172713206382468
796;458;0.0824272060301155
796;465;0.124356286972761
796;521;0.19695942751132
796;615;0.171539183333516
796;789;0.0776465884875506
796;977;0.161757327150553
797;98;0.1444206725806
797;213;0.184775059903041
797;500;0.0772977266460657
797;501;0.175144950207323
797;576;0.133488755160943
797;640;0.162183992099017
797;664;0.0255366209894419
797;758;0.171680045034736
797;937;0.12843997515738
798;28;0.00169890075922012
798;49;0.144536231877282
798;224;0.0752589097246528
798;225;0.199927930254489
798;264;0.162933058431372
798;414;0.00286448458209634
798;447;0.193014744203538
798;651;0.0647638545371592
798;861;0.0897963606752455
799;477;0.128758321749046
799;527;0.176494487235323
799;686;0.19320916752331
799;759;0.011042910348624
799;773;0.12559993956238
799;871;0.180721971346065
799;896;0.0450322829186916
799;993;0.0273151232395321
799;1000;0.146046401746571
800;99;0.140688645280898
800;118;0.192052038898692
800;137;0.134222262911499
800;386;0.181965395389125
800;394;0.18462788220495
800;567;0.0173611045815051
800;682;0.115177831007168
800;730;0.189958163490519
800;925;0.099341257661581
801;267;0.0845456928946078
801;359;0.194865784933791
801;434;0.0305076584219933
801;450;0.116092470334843
801;617;0.196268885256723
801;781;0.0421380265150219
801;920;0.00744243869557977
801;945;0.0250738063361496
801;986;0.135279009537771
802;15;0.199025888415054
802;268;0.0787530730012804
802;329;0.0767678444739431
802;551;0.0760254726745188
802;697;0.0629751745611429
802;774;0.116252961289138
802;813;0.156360791716725
802;877;0.100831796973944
802;959;0.101294993842021
803;153;0.0288219456095248
803;179;0.0481959926430136
803;249;0.12970057935454
803;421;0.170484797749668
803;465;0.0825165504589677
803;521;0.170234013954178
803;540;0.005463164485991
803;567;0.110392159549519
803;874;0.0746438888832927
804;239;0.126364806853235
804;250;0.0431414032820612
804;301;0.103951205592602
804;558;0.157404969679192
804;674;0.0908494648057968
804;684;0.13300481531769
804;980;0.0956161916255951
804;983;0.0517856580205262
804;985;0.146287210378796
805;160;0.0610930653754622
805;189;0.166207793867216
805;341;0.0823391942773014
805;361;0.197994106076658
805;388;0.0581334883812815
805;650;0.10912404730916
805;733;0.141511950502172
805;770;0.131148610450327
805;851;0.193852696660906
806;203;0.147108561359346
806;211;0.0402010721620172
806;214;0.142919427296147
806;494;0.143082118919119
806;647;0.185715180309489
806;652;0.0622474651783705
806;701;0.0869510848540813
806;848;0.0494081666693091
806;942;0.020294826105237
807;134;0.0594429368618876
807;235;0.15618807640858
807;405;0.0195781505666673
807;578;0.178071488672867
807;657;0.0183060051873326
807;810;0.0868375987745822
807;864;0.195410026516765
807;879;0.0318836160004139
807;887;0.0153500767890364
808;153;0.148322364222258
808;197;0.0600842644926161
808;309;0.179734329693019
808;348;0.0114560567773879
808;392;0.0348669809754938
808;432;0.169556746305898
808;788;0.155887665366754
808;838;0.0105065586511046
808;935;0.125999305769801
809;223;0.0622520112432539
809;312;0.184418387245387
809;324;0.0620540655218065
809;422;0.0854348773602396
809;488;0.0363123210612685
809;541;0.159553519589826
809;774;0.0550909937825054
809;846;0.113247829396278
809;972;0.0615830052178353
810;384;0.0745043454226106
810;404;0.192255599983037
810;423;0.165664692828432
810;503;0.11533907619305
810;504;0.0500761478673667
810;578;0.0752217066008598
810;784;0.0625472294632345
810;807;0.182373668579385
810;887;0.100270506367087
811;66;0.190324498899281
811;141;0.140419525187463
811;148;0.0453378456644714
811;181;0.0068678408395499
811;192;0.120794370351359
811;383;0.0274502720218152
811;486;0.0429947711061686
811;491;0.160604242421687
811;615;0.0715187860187143
812;69;0.094238822767511
812;172;0.127728623757139
812;336;0.043564704246819
812;515;0.0172497184015811
812;522;0.129907013941556
812;626;0.096333727799356
812;639;0.0658401635009795
812;687;0.0469023739919066
812;793;0.106606339430437
813;419;0.168283659871668
813;475;0.169019142305478
813;505;0.00337519575841725
813;656;0.0308444762602448
813;680;0.00136692938394845
813;802;0.095947100687772
813;913;0.100788927637041
813;944;0.102113760542125
813;959;0.132618782669306
814;59;0.102895267819986
814;240;0.164924588147551
814;335;0.144693224178627
814;349;0.0390680979471654
814;390;0.103617010219023
814;619;0.126894769864157
814;623;0.0966382783371955
814;862;0.136108599184081
814;953;0.0353729824535549
815;132;0.0716429720632732
815;182;0.00443669995293021
815;377;0.163125341804698
815;778;0.116499769920483
815;842;0.166105802636594
815;865;0.0679276143200696
815;875;0.170672273915261
815;967;0.136675643501803
815;997;0.116614969819784
816;230;0.115105576161295
816;375;0.0552079986780882
816;463;0.0378991549368948
816;569;0.135547919524834
816;648;0.0491896754596382
816;670;0.109824990388006
816;707;0.0137894696556032
816;728;0.163337274594232
816;786;0.0944273660890758
817;89;0.016039017541334
817;120;0.155449212482199
817;266;0.033750897878781
817;282;0.0946796422824264
817;366;0.160563877085224
817;375;0.185796714294702
817;670;0.116351973358542
817;699;0.11337431371212
817;786;0.0863146948162466
818;95;0.183126538293436
818;163;0.193102180212736
818;185;0.0344073017127812
818;238;0.114000257011503
818;401;0.182691147504374
818;436;0.049652317725122
818;519;0.123260554252192
818;620;0.181433572759852
818;984;0.104777373047546
819;70;0.0208967591170222
819;248;0.0809138107579201
819;395;0.128529222169891
819;535;0.011718670791015
819;573;0.00226800474338233
819;598;0.00558910248801112
819;752;0.0410586370620877
819;768;0.181874232925475
819;981;0.0501711409073323
820;234;0.0510961047839373
820;251;0.192914702231064
820;300;0.0241678955033422
820;330;0.115123033616692
820;502;0.0499628943391144
820;654;0.0604535523336381
820;849;0.0821562807541341
820;863;0.0402043994981796
820;895;0.178043970093131
821;81;0.0808981042355299
821;215;0.0536504515912384
821;309;0.132002193294466
821;336;0.105233349557966
821;463;0.167704166751355
821;619;0.126699585514143
821;698;0.137335848109797
821;752;0.0354648860637099
821;776;0.0416408020071685
822;123;0.0175204593222588
822;518;0.0660244601313025
822;630;0.025692776683718
822;645;0.190827636094764
822;704;0.0468087640590966
822;718;0.177106955926865
822;725;0.182203284604475
822;855;0.156683713942766
822;909;0.0441888615023345
823;495;0.10137229426764
823;616;0.17153690373525
823;621;0.110591752035543
823;689;0.125828615296632
823;740;0.0763424204662442
823;755;0.0945174174848944
823;793;0.0636606288608164
823;830;0.0788015577942133
823;953;0.109113284153864
824;56;0.185675471369177
824;345;0.0872044413816184
824;511;0.0669125557411462
824;516;0.0730198806617409
824;528;0.00284576076082885
824;665;0.0175515447743237
824;760;0.145072135701776
824;787;0.0507268400397152
824;982;0.0679087926167995
825;11;0.112108550779521
825;199;0.196964561054483
825;265;0.14009288912639
825;483;0.0984738634899259
825;487;0.133400012087077
825;534;0.157390042720363
825;753;0.032861847942695
825;950;0.0909660619683564
825;966;0.173890262376517
826;256;0.112315567582846
826;283;0.00748863453045487
826;314;0.121036103973165
826;369;0.0830699233803898
826;440;0.0219378530047834
826;534;0.0250010931864381
826;624;0.0582347705494612
826;848;0.141787813929841
826;922;0.00614891941659153
827;355;0.16897053248249
827;393;0.194686110783368
827;594;0.127599636511877
827;596;0.0844331108033657
827;669;0.175396847631782
827;685;0.102888476895168
827;774;0.011160950968042
827;841;0.0429708947893232
827;927;0.158916711108759
828;3;0.179687311360613
828;64;0.138021001825109
828;292;0.143818163918331
828;348;0.18706697775051
828;682;0.0215307215694338
828;694;0.120559147698805
828;792;0.134740464808419
828;847;0.140801942907274
828;891;0.195033834176138
829;182;0.0638209051452577
829;204;0.00333645860664547
829;272;0.136752114538103
829;365;0.0130528326611966
829;372;0.048550267284736
829;605;0.0744669868145138
829;620;0.0180180119350553
829;696;0.0837073734030128
829;997;0.0217037961818278
830;67;0.0024452256038785
830;180;0.128875522548333
830;220;0.0261781074572355
830;379;0.0110116241499782
830;750;0.116888924408704
830;756;0.0585607717745006
830;823;0.00525386151857674
830;863;0.10696556889452
830;969;0.0974191035609692
831;27;0.109449823945761
831;100;0.0780457844026387
831;110;0.101152106467634
831;302;0.116879074741155
831;455;0.0868969939649105
831;646;0.0780429664999247
831;705;0.110549644241109
831;880;0.10983528601937
831;927;0.0649241854902357
832;9;0.152320094732568
832;108;0.083685563178733
832;430;0.153964024363086
832;456;0.0616596484556794
832;615;0.0823399228509516
832;789;0.0722564436495304
832;835;0.0921573597937822
832;904;0.0721837217453867
832;913;0.112854919023812
833;72;0.189396989252418
833;198;0.16571797253564
833;394;0.13558214311488
833;452;0.160702058859169
833;500;0.0169378405902535
833;501;0.0995338410139084
833;525;0.0324483554810286
833;640;0.074457174167037
833;758;0.0834993469994515
834;171;0.160104899294674
834;210;0.129653084138408
834;293;0.0650819921866059
834;361;0.14080622876063
834;468;0.191706797340885
834;533;0.0910755523480475
834;693;0.192735637631267
834;896;0.0569385867100209
834;915;0.194673761352897
835;142;0.131134266639128
835;192;0.0881564703304321
835;430;0.149814757937565
835;456;0.00711107370443642
835;564;0.184431391628459
835;615;0.110125465830788
835;656;0.193988771736622
835;832;0.1334955397062
835;884;0.127551462687552
836;196;0.0107325711287558
836;203;0.164914992963895
836;240;0.156931818788871
836;418;0.120565269235522
836;437;0.127926254551858
836;480;0.0506385607179254
836;560;0.0438948083668947
836;758;0.0846949364989996
836;901;0.0357129107229412
837;65;0.0270694494713098
837;100;0.00940802446566522
837;102;0.146137387678027
837;353;0.19542223578319
837;435;0.0372195607516915
837;683;0.160195944318548
837;701;0.0918861798476428
837;865;0.0594304813537747
837;990;0.126963877072558
838;441;0.0838015591725707
838;502;0.0306094567291439
838;503;0.0582061462569982
838;591;0.175633620796725
838;696;0.0557303821668029
838;808;0.0804823148064315
838;849;0.0396709087304771
838;926;0.19922006027773
838;935;0.0191391326021403
839;213;0.173670378280804
839;242;0.163408762635663
839;501;0.178878390882164
839;604;0.129068373190239
839;712;0.189184002391994
839;732;0.0846076109446585
839;750;0.0575520834885538
839;785;0.13421739297919
839;975;0.109949413035065
840;220;0.0299218161962926
840;316;0.116404173756018
840;480;0.149984297528863
840;557;0.0338472592644393
840;604;0.106183401169255
840;864;0.0505967941135168
840;928;0.131798366084695
840;966;0.15057173022069
840;985;0.186793629312888
841;21;0.171830417960882
841;68;0.171386202098802
841;243;0.0432590277399868
841;326;0.0497571020852774
841;355;0.0465725058689714
841;393;0.0199208879377693
841;716;0.0174321973696351
841;721;0.0575672095641494
841;827;0.117454900220037
842;330;0.0371026178821921
842;477;0.117079002549872
842;751;0.0230338236317039
842;815;0.105968534527347
842;875;0.123756927717477
842;914;0.0683327507227659
842;916;0.0321194482501596
842;967;0.12738275709562
842;997;0.177514734491706
843;11;0.140219713561237
843;201;0.155576252797619
843;212;0.0656030246987939
843;288;0.03676688070409
843;334;0.0149729855358601
843;703;0.0875955472234637
843;889;0.0259215994272381
843;947;0.155348872719333
843;986;0.138303744420409
844;149;0.0229643928352743
844;262;0.0932236535474658
844;270;0.00938258641399443
844;315;0.071186783304438
844;569;0.14296560944058
844;590;0.0367117950692773
844;670;0.128092098375782
844;699;0.0972202020697296
844;901;0.170302338246256
845;119;0.0377731105778366
845;339;0.197474225889891
845;490;0.128576674265787
845;549;0.116759711131454
845;550;0.101492108870298
845;637;0.191173199377954
845;708;0.0774184526875615
845;917;0.0828259424772114
845;958;0.116938730888069
846;7;0.139514835178852
846;193;0.0838281344156712
846;223;0.0702958555426449
846;324;0.0624700281303376
846;591;0.0579090020619333
846;638;0.0340222381055355
846;724;0.185080668935552
846;809;0.114983524754643
846;899;0.00232018567621708
847;84;0.106771724391729
847;163;0.100820978032425
847;187;0.108878950076178
847;221;0.169018903607503
847;284;0.0758902348112315
847;292;0.0559307004790753
847;417;0.0423538326751441
847;560;0.176865056343377
847;828;0.0612030396237969
848;48;0.125716971838847
848;218;0.101480508968234
848;534;0.113756470987573
848;622;0.0521942478604615
848;749;0.0291177796665579
848;806;0.00331593295559287
848;826;0.071041316119954
848;903;0.0431829835753888
848;933;0.168373273266479
849;322;0.00314027443528175
849;367;0.123701076675206
849;441;0.0660474868956953
849;642;0.169285894138739
849;654;0.172642936417833
849;661;0.122780821705237
849;739;0.0651978317648172
849;820;0.038016145164147
849;838;0.0688749037217349
850;100;0.0828172688838095
850;269;0.0835432092193514
850;467;0.0789337208494544
850;608;0.184298613714054
850;634;0.13960511800833
850;731;0.101210342394188
850;736;0.103424804192036
850;885;0.0156007579062134
850;904;0.00723677314817905
851;98;0.019883883651346
851;159;0.0143206129316241
851;273;0.140575922420248
851;652;0.0644974986091256
851;701;0.141450803959742
851;712;0.11082128547132
851;727;0.108322613453493
851;805;0.0442691631615162
851;903;0.091389911994338
852;170;0.186866258783266
852;257;0.0840812523383647
852;308;0.0629264761228114
852;314;0.0401533686090261
852;351;0.163973115058616
852;570;0.00385482520796359
852;583;0.015031781187281
852;733;0.195214139996096
852;876;0.0826382217928767
853;92;0.0233524709939957
853;158;0.157709227688611
853;267;0.0790875190868974
853;281;0.0910000550560653
853;358;0.0191049034707248
853;429;0.103817705716938
853;431;0.00325068272650242
853;749;0.083108540577814
853;905;0.112746006296948
854;261;0.135663644969463
854;296;0.0444820687640458
854;369;0.0807412646245211
854;496;0.122617040760815
854;628;0.0333939739968628
854;860;0.14771244735457
854;922;0.0157309464178979
854;928;0.137539147306234
854;972;0.191856034612283
855;34;0.0968213108833879
855;79;0.0889822645112872
855;411;0.0422329061664641
855;630;0.0229297047946602
855;645;0.199840418016538
855;690;0.0588993178680539
855;729;0.11300800954923
855;822;0.194722971972078
855;878;0.154853906296194
856;146;0.121159504679963
856;215;0.0694348603487015
856;612;0.186527341650799
856;716;0.162209248775616
856;776;0.129572034953162
856;780;0.0498544006142765
856;878;0.124669755948707
856;943;0.0701700869016349
856;968;0.0106381927151233
857;274;0.0656067383475602
857;395;0.0643996697850525
857;568;0.0342904220335186
857;598;0.110679787071422
857;605;0.179388404684141
857;723;0.0750090490095317
857;870;0.158944986946881
857;886;0.0832329894416034
857;964;0.10259930677712
858;54;0.0567691408097744
858;389;0.0385238944552839
858;525;0.067520773364231
858;671;0.0614377100486308
858;703;0.108633571770042
858;889;0.0599322119727731
858;947;0.153886080067605
858;976;0.167974877776578
858;986;0.12314988989383
859;111;0.150107640586793
859;165;0.134913602285087
859;331;0.0013098553288728
859;443;0.0499215005896986
859;622;0.148214381700382
859;738;0.00769433337263763
859;743;0.024662411166355
859;890;0.132733720773831
859;963;0.00359480180777609
860;141;0.0671121498569846
860;168;0.000430679833516479
860;192;0.17341977506876
860;613;0.0148732793983072
860;622;0.196167279360816
860;639;0.135807762807235
860;854;0.126102283643559
860;964;0.198070017481223
860;981;0.154967569513246
861;136;0.121824564738199
861;263;0.109610718721524
861;412;0.156003187084571
861;414;0.130997621687129
861;561;0.0678081585094333
861;617;0.0135672067757696
861;702;0.101105603342876
861;715;0.0351313035003841
861;798;0.16589377745986
862;245;0.108840064657852
862;570;0.159218909405172
862;641;0.0166163309011608
862;715;0.0435510528739542
862;788;0.115361566608772
862;814;0.0951568882912397
862;900;0.0768100625369698
862;939;0.132543970830739
862;964;0.0137461364734918
863;203;0.182269163941965
863;431;0.148142299242318
863;463;0.0962619192898274
863;495;0.115398140717298
863;583;0.0512653627898544
863;614;0.162607161933556
863;623;0.00875538345426321
863;820;0.13333234526217
863;830;0.166940746130422
864;104;0.171187094599009
864;361;0.0104523772373796
864;475;0.117832246562466
864;487;0.0946510212030262
864;532;0.188599349139258
864;785;0.188817257992923
864;807;0.100316751748323
864;840;0.0351243330631405
864;888;0.199008642463014
865;386;0.128728002030402
865;488;0.0771962428931147
865;517;0.179890794865787
865;563;0.0701536403503269
865;642;0.196421297406778
865;763;0.0558119989000261
865;815;0.165675904322416
865;837;0.0827420516405255
865;923;0.193951664213091
866;36;0.0608139897231013
866;327;0.0434192879591137
866;433;0.112059181928635
866;493;0.0832316840998829
866;547;0.0376285003498197
866;660;0.0115032653324306
866;937;0.135687739448622
866;972;0.00158828492276371
866;973;0.0913503800518811
867;99;0.0187892900314182
867;118;0.00812233262695372
867;209;0.140758495591581
867;276;0.154495957912877
867;329;0.140868858853355
867;483;0.0421218393370509
867;635;0.0325861802324653
867;638;0.190374131640419
867;713;0.164599177055061
868;183;0.178180879959837
868;329;0.185592297976837
868;444;0.096378972614184
868;492;0.145779278501868
868;525;0.135841598175466
868;608;0.163091325154528
868;646;0.00882274033501744
868;731;0.00963755780830979
868;933;0.059264019690454
869;120;0.147327414015308
869;262;0.0479353026952595
869;270;0.125350762531161
869;282;0.168691952200606
869;590;0.0349604761693627
869;699;0.128338613081723
869;707;0.0484265346080065
869;721;0.0159887459594756
869;768;0.0783714156597853
870;106;0.148241638019681
870;254;0.194315239368007
870;298;0.175451293215156
870;518;0.158137981267646
870;573;0.00231187562458217
870;627;0.0893923735246062
870;705;0.129348235484213
870;857;0.046500710491091
870;872;0.0555948850233108
871;413;0.175424082716927
871;478;0.115888861520216
871;494;0.0537729786708951
871;686;0.0331157631706446
871;773;0.0602272356394678
871;799;0.102120697731152
871;896;0.100868242233992
871;931;0.13340941821225
871;974;0.168019190989435
872;305;0.0136738863307983
872;399;0.0854282699059695
872;474;0.142793302657083
872;526;0.1474766056519
872;668;0.0819381788838655
872;705;0.0273275175131857
872;723;0.123112763557583
872;870;0.18434851304628
872;999;0.0895861207041889
873;112;0.0612956092692912
873;308;0.187102349894121
873;339;0.107380867516622
873;502;0.0942645400296897
873;510;0.12004335001111
873;597;0.0867697117384523
873;677;5.39036933332682e-05
873;685;0.122628848301247
873;992;0.118339257594198
874;226;0.0846708578057587
874;249;0.0184330186806619
874;432;0.0404000502079725
874;540;0.189177507767454
874;567;0.0715538796503097
874;572;0.0613037366420031
874;726;0.0966188109945506
874;763;0.0375179310329258
874;803;0.00232468992471695
875;74;0.0415646804030985
875;132;0.0472108402755111
875;620;0.130436330288649
875;751;0.109158915746957
875;756;0.0154317409731448
875;778;0.0086004386190325
875;815;0.12378802197054
875;842;0.134412137791514
875;914;0.0301088855136186
876;92;0.0750816381070763
876;202;0.104629360185936
876;346;0.0830171638634056
876;350;0.0578081752639264
876;852;0.186656011082232
876;903;0.125003645615652
876;906;0.010068379715085
876;948;0.130983595596626
876;979;0.0848675988148898
877;130;0.141877490468323
877;306;0.0941796866245568
877;575;0.169459631294012
877;576;0.140998332994059
877;661;0.15583953531459
877;697;0.0176280085463077
877;802;0.0757216916885227
877;914;0.0191856738645583
877;988;0.0920202095992863
878;126;0.187008725944906
878;311;0.111618617083877
878;384;0.0165366063825786
878;392;0.163995273876935
878;409;0.102390166837722
878;855;0.15835261400789
878;856;0.0387435094919056
878;932;0.198016218608245
878;954;0.0345069718081504
879;50;0.0100323755294085
879;252;0.0123444087337703
879;464;0.101616297429428
879;600;0.147993824677542
879;807;0.182595932902768
879;895;0.158313396247104
879;925;0.0262900207657367
879;935;0.134264434268698
879;938;0.119379748683423
880;65;0.130045232176781
880;100;0.0132276968564838
880;102;0.0651631442364305
880;231;0.19579001958482
880;321;0.113855231041089
880;455;0.163054492324591
880;647;0.107125019980595
880;831;0.0860172720625997
880;923;0.1352336558979
881;260;0.0709659206215292
881;543;0.0600857338868082
881;566;0.149814599426463
881;639;3.93760856240988e-05
881;717;0.15433810390532
881;938;0.0545523908920586
881;955;0.147443653410301
881;956;0.177416462171823
881;978;0.024632242647931
882;1;0.0395641980692744
882;66;0.147591560287401
882;166;0.00592315690591931
882;295;0.00573454471305013
882;358;0.147532759979367
882;459;0.0421335233841091
882;485;0.0508880009874701
882;520;0.150742115359753
882;563;0.0580915991216898
883;317;0.174682348035276
883;387;0.151728146150708
883;408;0.198061288194731
883;412;0.190179193578661
883;436;0.169858048902825
883;560;0.0302871224936098
883;742;0.111428993148729
883;902;0.117928557097912
883;936;0.043449184531346
884;87;0.0297129589598626
884;181;0.0874305138830096
884;310;0.0853413249365985
884;503;0.101453858055174
884;577;0.150565251754597
884;835;0.198856044001877
884;931;0.066740614362061
884;946;0.13473238828592
884;987;0.0190440389793366
885;107;0.145309083443135
885;170;0.162196146557108
885;171;0.0552523710299283
885;351;0.0473693050444126
885;394;0.176889298157766
885;593;0.1946575331036
885;599;0.0498267944902182
885;736;0.121005972940475
885;850;0.107759697455913
886;96;0.0573578127659857
886;105;0.104832176957279
886;233;0.106885225977749
886;278;0.18062432166189
886;462;0.149345002742484
886;587;0.126955698197708
886;705;0.114174890937284
886;857;0.147167622903362
886;999;0.169637516327202
887;91;0.120398034434766
887;235;0.0142278179060668
887;371;0.144917218806222
887;404;0.0185467144940048
887;504;0.0170522889122367
887;749;0.00176998707465827
887;807;0.0448172125034034
887;810;0.187105437088758
887;912;0.0103863317519426
888;72;0.00170514667406678
888;469;0.136243104562163
888;535;0.187823401670903
888;545;0.0168765610549599
888;589;0.00808797576464713
888;785;0.147530213417485
888;864;0.190252319118008
888;921;0.106602736096829
888;957;0.188862793939188
889;288;0.109171169158071
889;308;0.154860723437741
889;334;0.0873462493531406
889;356;0.05699243391864
889;585;0.118598810676485
889;843;0.187573147052899
889;858;0.101407440192997
889;942;0.00266178259626031
889;986;0.115067468397319
890;111;0.171068749530241
890;331;0.148304630303755
890;443;0.0472336893435568
890;622;0.0648441383149475
890;724;0.17427485701628
890;738;0.163551485817879
890;743;0.121962931007147
890;745;0.126643056841567
890;859;0.134912997949868
891;205;0.100283834245056
891;290;0.051094364002347
891;527;0.190546919731423
891;665;0.148352233087644
891;792;0.0545536351855844
891;828;0.0537043641321361
891;910;0.0482933038379997
891;958;0.15983761404641
891;994;0.173186339065433
892;136;0.154853965342045
892;517;0.0391338084824383
892;528;0.0914488212671131
892;643;0.0564785436727107
892;673;0.13977766497992
892;740;0.196058717370033
892;910;0.0744081469718367
892;911;0.188603911595419
892;924;0.0204430748242885
893;139;0.00511550102382898
893;301;0.196001235255972
893;319;0.186592298420146
893;407;0.105740058934316
893;506;0.0235660145524889
893;562;0.063743240525946
893;636;0.128107259236276
893;677;0.178922231914476
893;934;0.0447187496349216
894;144;0.0398458906449378
894;160;0.126819205982611
894;266;0.0884962708223611
894;374;0.0231518581975251
894;562;0.0758414061740041
894;725;0.0912094648461789
894;770;0.00630946140736342
894;930;0.12709760540165
894;972;0.194699014537036
895;73;0.194107825309038
895;190;0.0656098284758627
895;322;0.0393850201740861
895;367;0.116800658171996
895;696;0.0680106332991272
895;739;0.0823258377145976
895;820;0.13086419175379
895;879;0.0990921669173986
895;926;0.117440268397331
896;477;0.112945896480232
896;478;0.119462858326733
896;773;0.111747009214014
896;799;0.0097716897726059
896;834;0.066782340593636
896;871;0.165845687221736
896;974;0.189248148771003
896;993;0.0135114433709532
896;1000;0.126828880468383
897;120;0.19468376673758
897;208;0.0216924211010337
897;262;0.112113178521395
897;375;0.187320920592174
897;572;0.011527301510796
897;649;0.153527886513621
897;699;0.0386432002298534
897;700;0.15317740496248
897;720;0.111772104771808
898;44;0.0762561205308884
898;184;0.152301907446235
898;219;0.139412431186065
898;238;0.0500255742575973
898;252;0.0861436761450022
898;406;0.118804385745898
898;464;0.0752819023095071
898;519;0.107593097770587
898;579;0.0619082401972264
899;6;0.117422084370628
899;187;0.0998579444363713
899;213;0.11584034319967
899;244;0.0634806035552174
899;382;0.193614075751975
899;645;0.167115146387368
899;846;0.087808405328542
899;932;0.11668336042203
899;968;0.0578678556717932
900;59;0.151684857485816
900;434;0.0729148003272712
900;542;0.140591820701957
900;621;0.0720984646584839
900;660;0.105739640304819
900;755;0.0823020039591938
900;771;0.0462378419470042
900;862;0.0780657331459224
900;995;0.0832822087220848
901;88;0.171181381307542
901;208;0.166514817811549
901;309;0.112424626527354
901;569;0.0868755228817463
901;648;0.0993532948661596
901;649;0.147163058118895
901;719;0.0750596722122282
901;836;0.069862117478624
901;844;0.15247428980656
902;191;0.169217462604865
902;607;0.0434733957983553
902;674;0.0231374140363187
902;722;0.147318038064986
902;730;0.146011668536812
902;746;0.0220005296636373
902;791;0.0612773692235351
902;883;0.0404293722473085
902;937;0.12445176942274
903;38;0.0776316918898374
903;330;0.128495781123638
903;659;0.10969299194403
903;714;0.196279973071069
903;848;0.184335408825427
903;851;0.0838472937233746
903;876;0.119997744448483
903;939;0.104327107220888
903;979;0.13480672785081
904;94;0.130334356985986
904;241;0.191325466055423
904;269;0.139452263433486
904;444;0.0899405776057392
904;471;0.0417642813175917
904;736;0.144716598559171
904;832;0.0192710635252297
904;850;0.128925089119002
904;951;0.0507635927759111
905;29;0.0816579977516085
905;77;0.107273417152464
905;154;0.0918344065546989
905;242;0.0379361687228084
905;370;0.0661019898951054
905;438;0.0373647931031883
905;749;0.0401568031869829
905;772;0.0188048798125237
905;853;0.131089642411098
906;38;0.197937500663102
906;173;0.191851273970678
906;202;0.0794277805369347
906;346;0.0076727902982384
906;538;0.00632250495254993
906;620;0.163153926189989
906;876;0.0921426137909293
906;939;0.051330073736608
906;979;0.182767403312027
907;44;0.135549102863297
907;340;0.13533001546748
907;373;0.146644860459492
907;453;0.0951688788365573
907;514;0.196353718405589
907;713;0.116142635373399
907;740;0.0159773326013237
907;777;0.072019478585571
907;989;0.0665399519726634
908;239;0.032919955579564
908;445;0.0593521419912577
908;530;0.0133212427143008
908;557;0.163597015477717
908;604;0.00555068743415177
908;679;0.0557178629562259
908;941;0.0191164466552436
908;966;0.157293188106269
908;985;0.196824614610523
909;237;0.0410951696801931
909;449;0.199073551595211
909;476;0.00357318138703704
909;554;0.0433309528511018
909;646;0.17862364067696
909;690;0.177892303001136
909;729;0.0504946037195623
909;822;0.0272862799465656
909;961;0.139064504392445
910;345;0.0163288719020784
910;427;0.191895285155624
910;511;0.111839159857482
910;519;0.12368549592793
910;760;0.145836771978065
910;891;0.0539474495686591
910;892;0.1810891084373
910;911;0.103289634920657
910;924;0.159293733537197
911;345;0.194068698678166
911;376;0.0572336516808718
911;511;0.0492865501437336
911;563;0.193677221285179
911;704;0.165246438374743
911;787;0.0793505773879588
911;892;0.175961438799277
911;910;0.027130689797923
911;929;0.152873265976086
912;78;0.0643044144846499
912;144;0.0201461794320494
912;295;0.138123789150268
912;514;0.140773523040116
912;566;0.0741705446969718
912;578;0.00604759990237653
912;662;0.189577700151131
912;887;0.160596129018813
912;938;0.0146179403644055
913;108;0.114193268073723
913;279;0.17459990051575
913;430;0.11016953359358
913;456;0.127660146169364
913;499;0.0561876768246293
913;536;0.19585627601482
913;735;0.0580281228758395
913;813;0.0670416875276715
913;832;0.134406320704147
914;182;0.190036471560597
914;710;0.192418208438903
914;751;0.120964490296319
914;754;0.049769152700901
914;842;0.111188982287422
914;875;0.015955247124657
914;877;0.0453260127454996
914;916;0.0230087476316839
914;997;0.0266394846141338
915;79;0.191136648179963
915;80;0.182784266071394
915;195;0.195468818629161
915;533;0.171766668371856
915;556;0.190672976290807
915;677;0.133755648275837
915;693;0.14140667617321
915;762;0.0545976341236383
915;834;0.181135412817821
916;483;0.141629328811541
916;516;0.0684605861548334
916;538;0.144287730986252
916;611;0.0328612868674099
916;631;0.0805962305050343
916;842;0.0203417129814625
916;914;0.144308221340179
916;929;0.182496264111251
916;950;0.0880444032605738
917;124;0.012154483795166
917;339;0.0560113052837551
917;342;0.114860510919243
917;490;0.0859068305231631
917;517;0.0478090275544673
917;637;0.0403970260638744
917;794;0.00497919116169214
917;845;0.00893466090783477
917;958;0.183141628233716
918;84;0.066157151479274
918;161;0.153199698915705
918;244;0.188322109961882
918;348;0.00172710749320686
918;521;0.0284264791291207
918;559;0.119689688552171
918;560;0.0802121696993709
918;694;0.0127625992521644
918;792;0.118252927763388
919;218;0.171102384431288
919;344;0.0536302343476564
919;370;0.0319019993301481
919;469;0.147165682306513
919;475;0.0743116204161197
919;545;0.0944250420667231
919;772;0.0408885843586177
919;785;0.081384260347113
919;957;0.166324990894645
920;206;0.0861248645931482
920;255;0.17160260216333
920;285;0.0118497422896326
920;437;0.170121164433658
920;781;0.164911048067734
920;801;0.0238970806822181
920;930;0.103466346021742
920;982;0.129685226781294
921;281;0.126360161975026
921;439;0.0577162880450487
921;469;0.19515540022403
921;749;0.147094826633111
921;772;0.134202117100358
921;785;0.0513636144809425
921;888;0.115727220289409
921;927;0.0262389677576721
921;957;0.116739697614685
922;141;0.102140719024464
922;256;0.0591596685349941
922;305;0.130861710337922
922;363;0.0873775711748749
922;608;0.195132793718949
922;628;0.192171327164397
922;826;0.199907690612599
922;854;0.0180871176533401
922;928;0.0867617757525295
923;68;0.0521233162842691
923;296;0.0975867167115212
923;311;0.0580019470304251
923;355;0.18343102443032
923;641;0.171446766844019
923;726;0.00194594473578036
923;865;0.126408932264894
923;880;0.123223104281351
923;954;0.00590661088936031
924;179;0.0364381389226764
924;511;0.109557827189565
924;642;0.0762305178679526
924;673;0.0485229391604662
924;760;0.00590521134436131
924;787;0.0952625497244299
924;892;0.0492321822792292
924;910;0.108375973952934
924;929;0.136155322147533
925;241;0.0436009363736957
925;294;0.0701183062978089
925;346;0.141019620280713
925;421;0.0245098599232733
925;706;0.139998261770234
925;722;0.0414437066297978
925;761;0.149236413789913
925;800;0.0852951109409332
925;879;0.141501337336376
926;87;0.0614718062337488
926;196;0.0901376372203231
926;330;0.134142125491053
926;391;0.0940206370782107
926;696;0.178128215158358
926;739;0.0742060190998018
926;838;0.0750753292348236
926;895;0.0895253555849195
926;935;0.107200789870694
927;353;0.00212896857410669
927;424;0.191168521018699
927;662;0.19698593635112
927;716;0.131402808241546
927;745;0.000141647411510348
927;772;0.194719113595784
927;827;0.17842606632039
927;831;0.174106751102954
927;921;0.131499917525798
928;148;0.0403089867904782
928;369;0.134053136408329
928;426;0.0344067689031363
928;496;0.0152138808276504
928;624;0.0267256019171327
928;685;0.129959955485538
928;840;0.195784257585183
928;854;0.172853823937476
928;922;0.110741993086413
929;402;0.0183715569786727
929;443;0.0951405643019825
929;528;0.186393782962114
929;582;0.0954606573563069
929;673;0.194272188702598
929;787;0.146729924855754
929;911;0.0375335617456585
929;916;0.0225505423732102
929;924;0.121653638733551
930;150;0.175659172283486
930;322;0.0328033712692559
930;438;0.126915837079287
930;500;0.129133767122403
930;547;0.0402619752567261
930;894;0.180478371167555
930;920;0.0734741429332644
930;949;0.136496973223984
930;982;0.00734869716688991
931;216;0.12686038906686
931;310;0.0946041387505829
931;486;0.129364192439243
931;577;0.050914309406653
931;658;0.154006181005389
931;871;0.122686240496114
931;884;0.0305411673616618
931;946;0.183585386443883
931;987;0.101553733274341
932;26;0.169856110913679
932;81;0.0357028634287417
932;296;0.00880261184647679
932;692;0.119311441248283
932;752;0.129354416718706
932;776;0.144147504679859
932;780;0.119120778422803
932;878;0.167356693418697
932;899;0.17042045830749
933;175;0.187789223296568
933;211;0.0533199639059603
933;214;0.0926634106785059
933;427;0.123734457604587
933;565;0.0671287127770483
933;650;0.0375439930241555
933;701;0.0118790621403605
933;848;0.17871037600562
933;868;0.0452117180917412
934;195;0.0120798889547586
934;307;0.147044008877128
934;319;0.184474233211949
934;375;0.0586584805510938
934;407;0.0518760210834444
934;506;0.16603219974786
934;537;0.169973644567654
934;562;0.0781466615851969
934;893;0.00885531036183238
935;300;0.0877893358003348
935;303;0.172242038231343
935;502;0.191614644089714
935;621;0.168147594481707
935;735;0.077221307111904
935;808;0.181229688460007
935;838;0.12424515131861
935;879;0.00739657725207508
935;926;0.166641333606094
936;15;0.191772221541032
936;205;0.0864596487954259
936;397;0.172810034640133
936;419;0.123743856744841
936;481;0.0802803408354521
936;512;0.0624350958038122
936;531;0.124636881612241
936;580;0.120149315102026
936;883;0.180900986772031
937;3;0.157337117707357
937;71;0.0838518965989351
937;433;0.117276050243527
937;668;0.0343700428493321
937;727;0.0282698948401958
937;791;0.177805070020258
937;797;0.136877120053396
937;866;0.119675599131733
937;902;0.0774010919034481
938;96;0.0305687882006168
938;169;0.176026782067493
938;260;0.0457275318913162
938;416;0.159682488441467
938;491;0.0909612331073731
938;629;0.173871274990961
938;879;0.178819321654737
938;881;0.161145784612745
938;912;0.0866845839191228
939;38;0.04215696179308
939;92;0.0476238764356822
939;125;0.196250778017566
939;530;0.171618739049882
939;666;0.0536335023120046
939;734;0.0287016833201051
939;862;0.0600297041237354
939;903;0.0405563139822334
939;906;0.184065794758499
940;188;0.0844774639699608
940;307;0.05607053716667
940;358;0.107318212883547
940;400;0.0483860992826521
940;431;0.191888629598543
940;459;0.0432292612269521
940;485;0.132911149039865
940;671;0.102904186584055
940;675;0.157727353414521
941;131;0.175332242669538
941;271;0.102004869095981
941;342;0.135808720672503
941;594;0.113331690710038
941;675;0.0509153266903013
941;775;0.195955873653293
941;779;0.00795340170152485
941;793;0.0682342620566487
941;908;0.00851436690427363
942;163;0.162191133247688
942;327;0.0909122287295759
942;354;0.0833965507335961
942;493;0.0170019945129752
942;712;0.057337454892695
942;741;0.102566802222282
942;790;0.00128382872790098
942;806;0.125219354405999
942;889;0.0314527933951467
943;311;0.11075105490163
943;384;0.182076600985602
943;515;0.0315642158035189
943;612;0.00618992946110666
943;692;0.156898440606892
943;856;0.0779445374384523
943;953;0.021919242059812
943;960;0.090390826202929
943;998;0.170686713000759
944;257;0.164732229476795
944;287;0.118160860380158
944;297;0.127675137482584
944;440;0.157743881223723
944;472;0.0707429560832679
944;546;0.0551400615368038
944;680;0.118367319833487
944;813;0.0790765473153442
944;984;0.107791927503422
945;358;0.0442146244924516
945;405;0.156976974289864
945;415;0.150652517098933
945;459;0.105328411888331
945;473;0.133656847290695
945;520;0.0421188286971301
945;563;0.0945606620516628
945;757;0.111008495138958
945;801;0.160301606496796
946;155;0.180206840811297
946;310;0.0476279765833169
946;320;0.115001511620358
946;479;0.101058259513229
946;486;0.152804256882519
946;658;0.0596631514374167
946;884;0.0606893619522452
946;931;0.186771415127441
946;987;0.0839173179119825
947;20;0.0764149887487292
947;142;0.037090858630836
947;212;0.121403731266037
947;389;0.143806263851002
947;672;0.0490996537730098
947;748;0.0804189628455788
947;843;0.189575491799042
947;858;0.126924193138257
947;976;0.173228541063145
948;268;0.197033983515576
948;381;0.142039632052183
948;539;0.0830263209994882
948;551;0.000969992345198989
948;697;0.128069584909827
948;709;0.0704364900011569
948;769;0.00709496061317623
948;876;0.0331286736298353
948;988;0.133777886023745
949;39;0.164016287634149
949;160;0.0280818671919405
949;261;0.0897081999573857
949;326;0.130530161270872
949;341;0.0181654592044652
949;725;0.195344508672133
949;770;0.125374584645033
949;930;0.068340805824846
949;967;0.13436413933523
950;99;0.0465871574822813
950;118;0.0766587585676461
950;209;0.0529921134933829
950;276;0.0860756043810397
950;483;0.132007872406393
950;638;0.148074554372579
950;825;0.0117209659423679
950;916;0.0293297172989696
950;960;0.182078076619655
951;52;0.0117181024514139
951;94;0.0386461017653346
951;312;0.135571208689362
951;378;0.139510459592566
951;563;0.188586089573801
951;593;0.168566027935594
951;685;0.0548885368742049
951;731;0.0691483314614743
951;904;0.115810837270692
952;37;0.0199399673379958
952;53;0.173047842504457
952;294;0.166280466737226
952;381;0.176916958624497
952;497;0.147308833710849
952;588;0.0248912900220603
952;678;0.0971500188112259
952;767;0.103868389269337
952;795;0.159226420568302
953;271;0.139450122090057
953;616;0.0177178238984197
953;755;0.138302359823138
953;783;0.0371633464004844
953;793;0.128149676602334
953;814;0.178763082856312
953;823;0.129355857660994
953;943;0.178860848257318
953;973;0.189591821795329
954;33;0.0258934115525335
954;69;0.120267657889053
954;336;0.0279435496777296
954;562;0.145340902125463
954;612;0.0051697077229619
954;632;0.0431500245817006
954;878;0.0388909486122429
954;923;0.102051678625867
954;960;0.0459876507055014
955;194;0.16797298938036
955;399;0.100820898264647
955;491;0.113474731240422
955;578;0.0831035583745688
955;673;0.0892634138930589
955;732;0.0799395511858165
955;771;0.120361205143854
955;881;0.193958017416298
955;999;0.0477847382891923
956;114;0.167342462204397
956;230;0.165681374259293
956;416;0.065044640796259
956;491;0.160332009242848
956;600;0.141298255929723
956;613;0.0022406873293221
956;639;0.0398493521846831
956;688;0.11756667457521
956;881;0.0186801654752344
957;16;0.0148263980634511
957;281;0.0174886023625731
957;334;0.184508340153843
957;469;0.0576096775010228
957;475;0.0945175802335143
957;545;0.149628253700212
957;888;0.133698560437188
957;919;0.0495586770586669
957;921;0.0232331920880824
958;12;0.159155103936791
958;339;0.192037541652098
958;420;0.179995302017778
958;584;0.0912388503085822
958;794;0.0701858650892973
958;845;0.190676913177595
958;891;0.143733637733385
958;917;0.16779373344034
958;992;0.0301252318080515
959;268;0.11690526320599
959;381;0.167142017325386
959;501;0.0566465848125517
959;539;0.118513621669263
959;575;0.120950094098225
959;709;0.197525165043771
959;802;0.1665447531268
959;813;0.0938196170609444
959;988;0.15162039953284
960;26;0.135925012361258
960;126;0.0833005724009127
960;409;0.0897957271896303
960;619;0.0616498484741896
960;752;0.0886272523552179
960;943;0.189174046739936
960;950;0.171844567684457
960;954;0.0792056197300553
960;998;0.0787838648073375
961;273;0.0306921315379441
961;410;0.19690080601722
961;449;0.186165697313845
961;548;0.161465309280902
961;645;0.100340260425583
961;690;0.161179511342198
961;698;0.14876520531252
961;704;0.0997933865059167
961;909;0.101525930175558
962;78;0.0101821416523308
962;115;0.177290978375822
962;183;0.118129824427888
962;277;0.00227770158089697
962;631;0.0499738534446806
962;653;0.00591309806331992
962;662;0.0500053497496992
962;664;0.0580975581426173
962;741;0.198836169624701
963;23;0.103545592492446
963;145;0.0666012766771018
963;331;0.0557361742947251
963;384;0.0774461063090712
963;443;0.0279839395545423
963;724;0.0737108949106187
963;738;0.17111633089371
963;743;0.0697082524653524
963;859;0.159026406053454
964;274;0.0350699482019991
964;278;0.191332436865196
964;435;0.106509632430971
964;462;0.0718407098669559
964;857;0.0386463902890682
964;860;0.0323429827578366
964;862;0.0563965288922191
964;981;0.114358971454203
964;999;0.0227831827476621
965;42;0.0335606818087399
965;357;0.128897369559854
965;392;0.172784476540983
965;446;0.0675750752910972
965;450;0.00505302045494318
965;631;0.0105309211183339
965;712;0.0178365683648735
965;766;0.0121382530312985
965;975;0.198550671851262
966;253;0.121016358351335
966;270;0.0953655270859599
966;524;0.0306908911559731
966;668;0.126712221931666
966;765;0.130520053673536
966;825;0.10773376240395
966;840;0.190317989978939
966;908;0.0885307636111975
966;985;0.114869259344414
967;275;0.196666396548972
967;372;0.0878447736147791
967;377;0.117252510599792
967;498;0.0677382765803486
967;710;0.081335606565699
967;746;0.195839054742828
967;815;0.12967515969649
967;842;0.00562206516042352
967;949;0.0821280287113041
968;81;0.172467866353691
968;215;0.0584228904917836
968;409;0.0272273324429989
968;507;0.0328009278979152
968;515;0.0176523664034903
968;612;0.144904525578022
968;780;0.0108221676200628
968;856;0.0782761137001216
968;899;0.0478634078521281
969;67;0.148810477089137
969;246;0.0507990500424057
969;425;0.0211642683949322
969;626;0.0629456378053874
969;675;0.0308857558295131
969;737;0.192651154240593
969;771;0.149620473617688
969;830;0.161218886915594
969;977;0.195602331496775
970;83;0.100082505960017
970;229;0.0476932574994862
970;254;0.0447364199906588
970;287;0.0212160565890372
970;297;0.0264930648263544
970;440;0.0362227690871805
970;442;0.0326165967155248
970;472;0.144534922018647
970;984;0.00155593738891184
971;230;0.0623777496628463
971;277;0.101412408053875
971;446;0.0592878548428416
971;555;0.0203449268359691
971;611;0.101729242317379
971;727;0.0933907778002322
971;741;0.162685632053763
971;744;0.0120630019810051
971;766;0.0675586378667504
972;44;0.188139975257218
972;327;0.0547836477402598
972;341;0.148689855309203
972;415;0.157226084824652
972;625;0.0457881042733789
972;809;0.133197827404365
972;854;0.129944452410564
972;866;0.00846294239163399
972;894;0.167012256896123
973;302;0.00729683660902083
973;362;0.0239222880452871
973;433;0.175065665040165
973;601;0.17714796778746
973;621;0.199075377266854
973;653;0.0626182201318443
973;721;0.198541004443541
973;866;0.0177035947795957
973;953;0.0251108061522245
974;18;0.116933018481359
974;413;0.0206855435390025
974;516;0.193121309811249
974;759;0.00704205692745745
974;773;0.104812343092635
974;871;0.0140798539388925
974;896;0.129265701817349
974;993;0.105214766319841
974;1000;0.0866057503968477
975;82;0.0755198862403631
975;223;0.190799001976848
975;277;0.11640161825344
975;391;0.153068892098963
975;410;0.0782826311420649
975;555;0.109628950804472
975;611;0.109450481785461
975;839;0.0638312217779458
975;965;0.151293363748118
976;164;0.130731920711696
976;583;0.0467084229923785
976;585;0.144985729502514
976;700;0.0171617134008557
976;703;0.185836794693023
976;748;0.0430376080330461
976;758;0.138630359433591
976;858;0.0818347565364093
976;947;0.134516791207716
977;146;0.194216395169497
977;212;0.148139218753204
977;405;0.0490942551288754
977;425;0.0350987402722239
977;553;0.0686047640629113
977;737;0.144157723430544
977;796;0.136820965632796
977;969;0.0281917402055115
977;996;0.169442356098443
978;42;0.028112210938707
978;101;0.161457821726799
978;256;0.103656631242484
978;537;0.0512216242961586
978;636;0.194470438873395
978;688;0.179459842573851
978;731;0.0217063092626631
978;754;0.151765742339194
978;881;0.0435026206541806
979;133;0.106558524956927
979;176;0.141541850892827
979;452;0.0629955612588674
979;459;0.111325721768662
979;570;0.115093068312854
979;714;0.0482678926084191
979;876;0.169200831325725
979;903;0.000768518447875977
979;906;0.10537888193503
980;194;0.114209054922685
980;239;0.0193958126008511
980;370;0.00579243595711887
980;445;0.0115089345723391
980;487;0.01795863378793
980;557;0.0362380852922797
980;558;0.00116106467321515
980;732;0.0030299779959023
980;804;0.179692442994565
981;248;0.123102101171389
981;298;0.163926587393507
981;338;0.0961993376724422
981;659;0.0469678270630539
981;705;0.00141670322045684
981;723;0.00686710104346275
981;819;0.0374175194185227
981;860;0.0994678654242307
981;964;0.132617188058794
982;206;0.123927523009479
982;255;0.0177855159621686
982;285;0.194840008020401
982;396;0.0787862438708544
982;467;0.119424398802221
982;781;0.0117041063960642
982;824;0.144039864744991
982;920;0.188297006813809
982;930;0.177218709420413
983;156;0.137281530816108
983;487;0.0436299851629883
983;604;0.110345089621842
983;679;0.0551094617228955
983;732;0.0162631358485669
983;765;0.119607918523252
983;768;0.159563055820763
983;804;0.0958746316377074
983;985;0.071384716918692
984;83;0.16043439982459
984;167;0.174357170145959
984;297;0.175690795853734
984;440;0.106282107392326
984;442;0.117883296124637
984;472;0.120046646380797
984;818;0.0546183142345399
984;944;0.00846330826170743
984;970;0.111209911806509
985;15;0.140346840536222
985;53;0.133147249557078
985;530;0.185968704754487
985;558;0.0768869365099818
985;804;0.0684336328413337
985;840;0.0629982803482562
985;908;0.0548870448488742
985;966;0.0653058779425919
985;983;0.166085177194327
986;48;0.0883293561637402
986;85;0.191876764781773
986;585;0.00505539942532778
986;685;0.08245460819453
986;758;0.101158619485796
986;801;0.190465026115999
986;843;0.101090857805684
986;858;0.10505169024691
986;889;0.0625217241235077
987;216;0.151110384846106
987;486;0.192159267840907
987;577;0.0931368423160166
987;581;0.0590884797275066
987;628;0.0517569839488715
987;658;0.0125351625494659
987;884;0.0517163808457553
987;931;0.139776983391494
987;946;0.107285181526095
988;438;0.129156607761979
988;485;0.166919769812375
988;551;0.043851367989555
988;575;0.191747100139037
988;709;0.0474392545875162
988;769;0.180114128114656
988;877;0.113589724944904
988;948;0.0989079278428108
988;959;0.183834756957367
989;86;0.0479091862682253
989;135;0.142200240306556
989;340;0.0439878103323281
989;373;0.194621760351583
989;378;0.143526667682454
989;453;0.0420983179472387
989;614;0.0149528396315873
989;777;0.0945901197381318
989;907;0.0550011964514852
990;27;0.00499960510060191
990;36;0.10410168049857
990;74;0.0195043489336967
990;280;0.180552367819473
990;373;0.0543064414057881
990;481;0.0953564321156591
990;494;0.0414796733763069
990;683;0.102815164066851
990;837;0.192099951673299
991;79;0.0396374532021582
991;209;0.128083802619949
991;221;0.192351645324379
991;292;0.0113795483019203
991;442;0.0358508693054318
991;483;0.172182954056188
991;513;0.114357985043898
991;612;0.119725181628019
991;703;0.116074095200747
992;119;0.15275369673036
992;273;0.00754558145999908
992;633;0.140330989006907
992;637;0.0142652714625001
992;655;0.129885594313964
992;775;0.0667002719826996
992;794;0.13234454812482
992;873;0.0987362026236951
992;958;0.0824451101012528
993;18;0.0537744713481516
993;64;0.152695467974991
993;413;0.134228849271312
993;477;0.0821000084280968
993;525;0.051003426592797
993;665;0.056003311695531
993;799;0.107616981025785
993;896;0.0336147627327591
993;974;0.183845047559589
994;152;0.0951613750308752
994;258;0.0774076358415186
994;342;0.138365809898823
994;484;0.128956463374197
994;505;0.169575828593224
994;529;0.0672704997472465
994;531;0.139298579981551
994;532;0.1364055366721
994;891;0.0410047444049269
995;59;0.0493141210637987
995;260;0.129467117972672
995;335;0.00686326725408435
995;616;0.0941938030999154
995;621;0.164299587346613
995;626;0.166112153697759
995;660;0.0576559338718653
995;755;0.0434721200261265
995;900;0.107083294959739
996;60;0.0998370912857354
996;175;0.096370956255123
996;398;0.144100332027301
996;425;0.0337492572609335
996;470;0.193285656813532
996;610;0.0930005799978972
996;684;0.0797896270640194
996;768;0.115609817299992
996;977;0.0491293300874531
997;372;0.151996162254363
997;498;0.13168241372332
997;539;0.0115734135732055
997;754;0.15494958483614
997;774;0.141516637057066
997;815;0.19384624552913
997;829;0.180669731646776
997;842;0.0790338378865272
997;914;0.147592371189967
998;131;0.014042817056179
998;513;0.0240919426083565
998;518;0.0780829119496048
998;619;0.185095550213009
998;632;0.164173663826659
998;776;0.00538249178789556
998;780;0.0459420883562416
998;943;0.114613926550373
998;960;0.0369812957011163
999;274;0.137465952802449
999;462;0.0485471248626709
999;598;0.141351213678718
999;705;0.0828132761642337
999;723;0.0965120291803032
999;872;0.0796753324568272
999;886;0.0842196636833251
999;955;0.105239171441644
999;964;0.000949081499129534
1000;413;0.102230519708246
1000;477;0.131214349903166
1000;478;0.185850664647296
1000;527;0.0666686033830047
1000;693;0.0518521887250245
1000;759;0.0852810220327228
1000;799;0.188274019258097
1000;896;0.00903298268094659
1000;974;0.138632744550705
