"V1";"V2";"edgeweight"
1;695;0.108975622057915
1;751;0.0271218467969447
1;939;0.141586933052167
2;409;0.0653794986195862
2;573;0.144720314955339
2;986;0.19895106847398
3;110;0.0902510710060597
3;161;0.164090395346284
3;254;0.0508990766946226
4;173;0.193297596694902
4;741;0.00193496500141919
4;843;0.183004655083641
5;59;0.020845553977415
5;667;0.123223972273991
5;983;0.072883270913735
6;81;0.0135355825535953
6;415;0.0150861573405564
6;940;0.0125825722701848
7;380;0.00670872358605266
7;882;0.0157978983595967
7;909;0.124181447410956
8;624;0.0436296992469579
8;845;0.112946012988687
8;997;0.124230677308515
9;98;0.182680808892474
9;753;0.130237742187455
9;953;0.054257202334702
10;365;0.0622616212349385
10;433;0.099905050965026
10;751;0.10202386630699
11;534;0.0326223670039326
11;541;0.179642671719193
11;790;0.185291693219915
12;136;0.0775221569929272
12;277;0.116743283905089
12;695;0.116710578463972
13;537;0.107674140809104
13;649;0.193655723286793
13;856;0.0481028336565942
14;218;0.0921647673007101
14;572;0.0430249192751944
14;948;0.0951597372069955
15;198;0.0825645056087524
15;250;0.00916585638187826
15;364;0.182550305640325
16;535;0.109976408304647
16;651;0.0230813820380718
16;972;0.192583079868928
17;168;0.11540828095749
17;497;0.14468146036379
17;987;0.0232632715720683
18;289;0.04203612646088
18;550;0.0829389363527298
18;861;0.0280405431054533
19;512;0.0277651434298605
19;524;0.176950549008325
19;692;0.0111104981042445
20;663;0.151102701062337
20;946;0.194963816972449
20;954;0.0513130804989487
21;139;0.107801865413785
21;256;0.0404666883870959
21;724;0.120114929042757
22;194;0.150629125116393
22;464;0.160022667748854
22;995;0.00209207772277296
23;608;0.192223537061363
23;714;0.196911673247814
23;910;0.0572001102846116
24;509;0.0448014518246055
24;628;0.0217298758681864
24;800;0.16321023683995
25;588;0.0447098837699741
25;592;0.158406294183806
25;726;0.0772906998172402
26;141;0.104126272210851
26;371;0.162003438035026
26;760;0.194933367706835
27;320;0.0167676189914346
27;725;0.0741549110971391
27;787;0.09150863410905
28;602;0.0492378098890185
28;701;0.15862070210278
28;757;0.125732286320999
29;420;0.180982981435955
29;807;0.174298514798284
29;959;0.141402458492666
30;240;0.0804740224964917
30;389;0.0771393225062639
30;837;0.00136299319565296
31;84;0.0641098458785564
31;593;0.130544345546514
31;727;0.0152629227843136
32;140;0.198246966628358
32;174;0.115357502084225
32;739;0.0775457308627665
33;215;0.159057423844934
33;746;0.00499520869925618
33;833;0.047876261593774
34;251;0.0932810061611235
34;746;0.123326899018139
34;868;0.0514361750334501
35;59;0.103105694707483
35;268;0.117277611000463
35;767;0.102972907712683
35;928;0.0301240800414234
36;426;0.0476224230136722
36;588;0.188166387658566
36;694;0.142400504508987
36;794;0.123933747969568
37;224;0.118758870894089
37;293;0.119730061013252
37;613;0.0387819716706872
37;714;0.0177969808224589
38;78;0.125984203722328
38;263;0.0069720275234431
38;455;0.0668814556207508
38;976;0.152280209539458
39;584;0.0323557075113058
39;650;0.129259395506233
39;669;0.19891204838641
39;672;0.0115312673617154
40;305;0.193887504050508
40;532;0.16991828083992
40;942;0.0530163292307407
40;943;0.021532627614215
41;554;0.191232233121991
41;573;0.0667280787602067
41;602;0.0864267857279629
41;647;0.0663269040640444
42;210;0.0756234861444682
42;786;0.118636486679316
42;821;0.103191498247907
42;980;0.15255768802017
43;364;0.153555235639215
43;435;0.0987381986342371
43;514;0.0655556670855731
43;683;0.11440515210852
44;470;0.0619363467209041
44;633;0.125201114919037
44;660;0.0584147646091878
44;700;0.118019216135144
45;451;0.131555753247812
45;689;0.117856438597664
45;797;0.00372468759305775
45;948;0.153079622332007
46;213;0.102583632571623
46;620;0.183923380682245
46;759;0.0102046695072204
46;956;0.194878960307688
47;94;0.142901742411777
47;271;0.123178731231019
47;301;0.0836253032553941
47;995;0.135125582804903
48;335;0.0385208416730166
48;387;0.0563841573894024
48;959;0.18900585975498
48;988;0.0944848581217229
49;99;0.151460610516369
49;215;0.055330962408334
49;854;0.126666631083935
49;955;0.165902135754004
50;110;0.0634042286779732
50;281;0.146128505654633
50;323;0.147950495081022
50;738;0.132224789774045
51;213;0.00192481107078493
51;661;0.0421790467109531
51;758;0.193518029991537
51;840;0.130206273589283
52;216;0.0849985091947019
52;353;0.0861745170783252
52;647;0.0615796720609069
52;897;0.0653869650792331
53;497;0.0821813260670751
53;579;0.157020229287446
53;807;0.106095184898004
53;943;0.122127952612937
54;470;0.199346225941554
54;615;0.153980446793139
54;785;0.0984237666707486
54;870;0.0100217180326581
55;59;0.116759737161919
55;162;0.121611679159105
55;851;0.0397781741339713
55;961;0.102270409930497
56;284;0.0266063926741481
56;483;0.157244045427069
56;625;0.101449773460627
56;725;0.0363276530988514
57;104;0.164025471406057
57;273;0.0235729089006782
57;778;0.0551304468419403
57;954;0.0463610096368939
58;127;0.196526102069765
58;191;0.197860676469281
58;657;0.0133872361853719
58;786;0.121300867851824
59;5;0.0725403549615294
59;35;0.0933676757384092
59;55;0.066619550390169
59;367;0.138298925198615
60;81;0.0097713312599808
60;458;0.167191589903086
60;721;0.0115664955694228
60;858;0.138874769490212
61;464;0.108092391723767
61;578;0.0015198933891952
61;856;0.0704500691965222
61;974;0.128852439578623
62;334;0.080176428379491
62;553;0.0599240151233971
62;747;0.103548150090501
62;883;0.0312891829293221
63;156;0.0698836624622345
63;201;0.0768702635075897
63;300;0.0173907928168774
63;381;2.03358009457588e-05
64;87;0.175788584910333
64;261;0.14016780089587
64;551;0.0387128264643252
64;890;0.146848592953756
65;80;0.150857408065349
65;226;0.113602193864062
65;898;0.0310582809150219
65;914;0.106216674949974
66;233;0.105614988226444
66;542;0.0549037585966289
66;741;0.11345161003992
66;987;0.010878022108227
67;469;0.0598708681762219
67;497;0.0397998731583357
67;676;0.168151712836698
67;950;0.161884998809546
68;310;0.00361236277967691
68;331;0.00229193619452417
68;432;0.173142878524959
68;451;0.0428172122687101
69;442;0.0380875005852431
69;474;0.012851758627221
69;643;0.0415786202531308
69;944;0.079466640111059
70;282;0.049870479432866
70;303;0.0772640345152468
70;718;0.131982099637389
70;921;0.00889134928584099
71;562;0.171538672316819
71;785;0.034204131597653
71;874;0.195841901889071
71;952;0.100891422247514
72;566;0.142962075211108
72;744;0.189649123838171
72;827;0.13334858766757
72;952;0.0872557862661779
73;518;0.180418033245951
73;691;0.0705269143916667
73;698;0.12320085526444
73;815;0.170692349225283
74;503;0.102976077795029
74;652;0.122784027829766
74;673;0.0990795288700611
74;860;0.0622058309148997
75;556;0.0781119076535106
75;715;0.139993980946019
75;762;0.170432494254783
75;957;0.053730336856097
76;263;0.0113161807879806
76;356;0.187974667036906
76;759;0.109186603268608
76;830;0.0234327865298837
77;416;0.0213315573520958
77;667;0.129829287901521
77;768;0.113740798970684
77;869;0.113042858615518
78;38;0.17742059151642
78;132;0.190709536708891
78;513;0.117179109388962
78;564;0.0208495102822781
79;175;0.184270769264549
79;552;0.0255530036985874
79;752;0.0896436686161906
79;984;0.194340538838878
80;65;0.0446114667225629
80;250;0.110599156562239
80;307;0.025376041745767
80;601;0.0429828522726893
81;6;0.0413463460747153
81;60;0.0888614756520838
81;208;0.0913129589520395
81;815;0.17819839399308
82;373;0.0625055192038417
82;597;0.176891329092905
82;766;0.0132051781751215
82;904;0.0114766247570515
83;615;0.0204711806494743
83;626;0.124537222413346
83;929;0.101683270931244
83;941;0.125509645696729
84;31;0.0403203661553562
84;348;0.0120873059611768
84;418;0.15778994881548
84;612;0.197669154917821
85;94;0.0181094807572663
85;231;0.0634646480903029
85;322;0.135034177545458
85;594;0.0883542750962079
86;289;0.153792113671079
86;541;0.0242819186765701
86;562;0.14718320290558
86;658;0.183982815546915
87;64;0.154525263980031
87;412;0.043412072584033
87;673;0.13164452216588
87;764;0.046392780309543
88;217;0.145587789686397
88;327;0.133790417434648
88;371;0.0382104658056051
88;379;0.0463101139757782
89;583;0.0868260420393199
89;846;0.131725839199498
89;925;0.197902456624433
89;933;0.193651150166988
90;619;0.188761920807883
90;745;0.133787926333025
90;957;0.103030033316463
90;998;0.175376550853252
91;135;0.00903360429219902
91;297;0.0122531190048903
91;375;0.025364143261686
91;786;0.0946893859654665
92;518;0.0798207939136773
92;705;0.000136676011607051
92;733;0.177522606914863
92;892;0.013704742770642
93;99;0.121255874447525
93;870;0.057887211907655
93;963;0.177869002195075
93;976;0.164802467543632
94;47;0.0812167797237635
94;85;0.0159895012155175
94;297;0.157521166000515
94;485;0.159161185799167
95;614;0.103722590953112
95;627;0.106593237398192
95;801;0.096876538079232
95;962;0.181130658276379
96;515;0.0976898037828505
96;687;0.0258529494516552
96;800;0.0215855306945741
96;839;0.0130881325341761
96;915;0.104469501366839
97;438;0.123364205332473
97;490;0.0412724658846855
97;544;0.125849438179284
97;668;0.0734028008300811
97;917;0.0611127361189574
98;9;0.00187071692198515
98;804;0.0578340436797589
98;822;0.0466468509752303
98;925;0.193622150365263
98;984;0.118912496464327
99;49;0.00832562143914402
99;93;0.0462297180201858
99;153;0.168804612802342
99;763;0.0187133621890098
99;793;0.126467166747898
100;425;0.0785054057836533
100;524;0.0377332367934287
100;612;0.166141713922843
100;909;0.0396465871483088
100;916;0.156478019198403
101;393;0.0199477552901953
101;414;0.0422821868676692
101;623;0.0865287522319704
101;637;0.103260803548619
101;973;0.185660731652752
102;308;0.0168059704359621
102;371;0.174328192695975
102;494;0.0246655268128961
102;560;0.166332717379555
102;675;0.0382150183897466
103;271;0.170402875822037
103;540;0.00549157378263772
103;698;0.133312460966408
103;762;0.126751762349159
103;894;0.135361906746402
104;57;0.161076466133818
104;111;0.166511496296152
104;263;0.0732405522372574
104;871;0.0248454311862588
104;988;0.175460202386603
105;106;0.130310409795493
105;115;0.037835023412481
105;820;0.102945400075987
105;915;0.114543405547738
105;958;0.183038119506091
106;105;0.0308499835431576
106;166;0.164175315992907
106;305;0.143835181603208
106;677;0.0524000442121178
106;936;0.0306845548097044
107;718;0.0739402900915593
107;838;0.0155954726971686
107;911;0.181859299866483
107;956;0.134151200670749
107;979;0.169303603237495
108;577;0.156455608922988
108;779;0.0602444260381162
108;883;0.170162393013015
108;902;0.113402552017942
108;931;0.126191523252055
109;170;0.190248752944171
109;456;0.115400720015168
109;517;0.105101341102272
109;595;0.0810773307923228
109;844;0.16188022880815
110;3;0.114365185704082
110;50;0.189399076160043
110;589;0.0561033511534333
110;688;0.0139485586900264
110;878;0.0343317512888461
111;104;0.0475099471863359
111;453;0.0995380902197212
111;463;0.111306325951591
111;829;0.0508150971960276
111;998;0.19092202601023
112;178;0.0712144463323057
112;277;0.0465674817096442
112;734;0.0347143244929612
112;799;0.0194183441344649
112;971;0.183026907593012
113;124;0.108478141762316
113;528;0.148640115465969
113;558;0.0830768837127835
113;616;0.0862267638556659
113;747;0.0622121775057167
114;166;0.199021536018699
114;660;0.0543090055696666
114;769;0.0587483580224216
114;886;0.0462999172974378
114;905;0.0744249154813588
115;105;0.0958270960021764
115;390;0.109803355718032
115;475;0.104886396043003
115;754;0.194416167680174
115;965;0.179685466084629
116;519;0.0432877772022039
116;520;0.0690970677416772
116;632;0.147641695523635
116;633;0.124909868650138
116;788;0.149742041481659
117;579;0.0710465430747718
117;637;0.181370655121282
117;818;0.0569919047877193
117;863;0.149442708166316
117;887;0.130978187080473
118;188;0.150538368336856
118;270;0.174358400003985
118;349;0.134195114579052
118;574;0.176249575102702
118;804;0.0379400343168527
119;268;0.155240265000612
119;377;0.0772340714931488
119;897;0.116554767079651
119;971;0.0887411900795996
119;990;0.0911281666718423
120;368;0.14071345217526
120;581;0.109820325905457
120;782;0.177950687287375
120;900;0.00719893672503531
120;981;0.0983305709436536
121;341;0.0395235283765942
121;431;0.087353070313111
121;616;0.162620016653091
121;820;0.16253203433007
121;910;0.0452764651738107
122;456;0.178195081837475
122;808;0.12939608511515
122;849;0.0315649323165417
122;853;0.157733764918521
122;879;0.0855969488620758
123;149;0.0303630924783647
123;378;0.150836610700935
123;597;0.110618124715984
123;629;0.191373965097591
123;675;0.119536800822243
124;113;0.153041976923123
124;152;0.164995020302013
124;310;0.0415361744817346
124;346;0.0981716059148312
124;951;0.135827596252784
125;164;0.190414013015106
125;255;0.116949685662985
125;694;0.0262086539063603
125;796;0.0125904499553144
125;909;0.153955968096852
126;374;0.14276037751697
126;554;0.10951515478082
126;616;0.149468006798998
126;775;0.114140809187666
126;814;0.0855395172722638
127;58;0.0128147332929075
127;196;0.161051700823009
127;405;0.0787095309235156
127;831;0.00183109422214329
127;835;0.199544195923954
128;312;0.157790182717145
128;347;0.00292807258665562
128;499;0.151461445726454
128;533;0.0714067300315946
128;948;0.161642106203362
129;191;0.100676140375435
129;393;0.0770935430657119
129;406;0.0366530559025705
129;728;0.177733863890171
129;733;0.0850721267051995
130;212;0.119292162638158
130;303;0.129101360496134
130;473;0.0975458805449307
130;643;0.0365226931404322
130;802;0.117837905790657
131;678;0.077943969424814
131;734;0.182164036855102
131;755;0.148240695381537
131;783;0.155164091894403
131;896;0.133253817958757
132;78;0.0394687388092279
132;138;0.0956866266205907
132;240;0.0847245212178677
132;578;0.014377651643008
132;611;0.0705213556066155
133;404;0.0827521118801087
133;623;0.185765037871897
133;696;0.0649671991821378
133;967;0.176176674151793
133;977;0.047188834566623
134;216;0.0276032879482955
134;312;0.00693275392986834
134;335;0.00193497147411108
134;675;0.0168643465265632
134;685;0.148789485590532
135;91;0.185090719163418
135;878;0.105609389394522
135;966;0.126505573093891
135;975;0.173598260898143
135;983;0.0404261966235936
136;12;0.0257547148969024
136;359;0.141916356282309
136;449;0.134870329545811
136;672;0.0166271171998233
136;777;0.14250895595178
137;207;0.138867748947814
137;356;0.0178988489322364
137;721;0.161046407744288
137;759;0.0019997067283839
137;779;0.137831857614219
138;132;0.0274608943145722
138;376;0.0285269799642265
138;534;0.0588040883652866
138;635;0.12395201860927
138;769;0.0668801625259221
139;21;0.181532390695065
139;336;0.155379938520491
139;821;0.171655473997816
139;836;0.0451749471016228
139;994;0.0436248290818185
140;32;0.00414101127535105
140;347;0.154452181980014
140;381;0.163796036643907
140;505;0.139989097276703
140;751;0.149302585562691
141;26;0.184234386263415
141;361;0.0526301533449441
141;564;0.0298136779572815
141;781;0.0621573597658426
141;970;0.159698278922588
142;571;0.122964412346482
142;688;0.0527756803669035
142;863;0.0174937552306801
142;877;0.0813109974842519
142;953;0.157571318792179
143;184;0.17684346656315
143;349;0.098418145487085
143;396;0.166171017894521
143;736;0.088565474934876
143;740;0.0916233262978494
144;228;0.0921640956774354
144;418;0.0351436166092753
144;546;0.170524955913425
144;841;0.1091293127276
144;917;0.0118386704474688
145;520;0.121155788376927
145;735;0.0430281992536038
145;849;0.143910455424339
145;886;0.0334964655805379
145;912;0.196278506610543
146;296;0.150515831960365
146;406;0.0728441411163658
146;431;0.0960432936437428
146;690;0.130489168874919
146;893;0.0639701925218105
147;285;0.190067265834659
147;330;0.168958275578916
147;460;0.153865750180557
147;565;0.0963983782567084
147;895;0.0478121959138662
148;434;0.00678691156208515
148;578;0.0292656669393182
148;788;0.0582543508149684
148;836;0.000339793879538775
148;928;0.0848132514860481
149;123;0.0823690947610885
149;580;0.0835240700282157
149;870;0.175583638390526
149;900;0.0742597714066505
149;903;0.141363177262247
150;347;0.0987714963499457
150;483;0.199400457320735
150;791;0.178212479921058
150;902;0.153888865327463
150;934;0.0500636297743768
151;466;0.178667796775699
151;502;0.190447010099888
151;527;0.0145233752671629
151;605;0.115850478457287
151;642;0.0857018014416099
152;124;0.0612909531686455
152;336;0.0201759272255003
152;445;0.187322464818135
152;528;0.154416629252955
152;717;0.18604998528026
153;99;0.19382701953873
153;740;0.12222100617364
153;775;0.0259723120834678
153;895;0.0699491298291832
153;938;0.0583410053513944
154;178;0.00263232118450105
154;586;0.135380766820163
154;615;0.0841951592359692
154;921;0.030508411442861
154;989;0.170486843353137
155;475;0.180067188013345
155;490;0.0351055805105716
155;523;0.145857785549015
155;610;0.109989459998906
155;705;0.0500241748988628
156;63;0.17729800674133
156;304;0.151839430630207
156;423;0.142636473895982
156;557;0.074055930878967
156;595;0.027307187160477
157;182;0.0874312731903046
157;236;0.122909841919318
157;367;0.0870228961110115
157;370;0.0244589351117611
157;624;0.173883067350835
158;434;0.112916381284595
158;661;0.054834480304271
158;722;0.122959678294137
158;828;0.0635780620854348
158;891;0.0775906513445079
159;322;0.112004626868293
159;473;0.18235153532587
159;715;0.100386357866228
159;828;0.184062493313104
159;985;0.116132118692622
160;385;0.196510985307395
160;390;0.125522368075326
160;646;0.0492131602019072
160;927;0.16732305069454
160;939;0.0622291079722345
161;3;0.189102337742224
161;438;0.0805173694621772
161;677;0.18797128982842
161;938;0.0243578779511154
161;939;0.0922373534645885
162;55;0.190927338553593
162;302;0.133068828098476
162;698;0.0148446049541235
162;955;0.0833901934325695
162;971;0.00081441760994494
163;398;0.151476118620485
163;493;0.0989277338609099
163;575;0.16529747354798
163;721;0.137972176587209
163;802;0.130403612740338
164;125;0.0611798816360533
164;402;0.0372693920973688
164;502;0.0679379115812481
164;553;0.13422300578095
164;816;0.110488246474415
165;208;0.0358316736761481
165;573;0.0108992225956172
165;682;0.117242498183623
165;721;0.0665328190196306
165;927;0.0365801902487874
166;106;0.197094751289114
166;114;0.0877771162427962
166;287;0.123695038352162
166;382;0.0340469747316092
166;753;0.054535719146952
167;470;0.152378248795867
167;642;0.0176367165520787
167;680;0.0689626790583134
167;774;0.181351396348327
167;901;0.0629740697331727
168;17;0.0412111753597856
168;345;0.160731564136222
168;439;0.134566173329949
168;781;0.0601513819303364
168;904;0.195190832158551
169;429;0.197535965731367
169;617;0.0286629962269217
169;803;0.0593854357022792
169;900;0.00993339782580733
169;927;0.0343141821213067
170;109;0.0812722243368626
170;192;0.10821246067062
170;587;0.035081835789606
170;742;0.104573267512023
170;755;0.129253524262458
171;353;0.0115955867338926
171;503;0.153120619757101
171;654;0.027715718653053
171;724;0.0858466716948897
171;979;0.179307194100693
172;418;0.198121915757656
172;719;0.0125757829751819
172;747;0.0374449783470482
172;839;0.00682878624647856
172;846;0.100362103804946
173;4;0.0792832776438445
173;253;0.00129622370004654
173;328;0.0643395348452032
173;484;0.105298680486158
173;619;0.0224252980668098
174;32;0.0196892241481692
174;336;0.0359724284149706
174;357;0.0129300449974835
174;640;0.187710792478174
174;844;0.159043536288664
175;79;0.0656757106073201
175;365;0.103980730334297
175;589;0.0801783945411444
175;837;0.171016705408692
175;971;0.0790396621450782
176;522;0.0314527849666774
176;608;0.0276068374980241
176;834;0.185482510970905
176;983;0.145253004366532
176;993;0.0331130797509104
177;213;0.0759083865210414
177;444;0.0829825988970697
177;543;0.0459420220926404
177;650;0.144057715684175
177;663;0.178606672771275
178;112;0.198765275394544
178;154;0.18735262202099
178;525;0.0968750629108399
178;764;0.176753853261471
178;826;0.00849544471129775
179;242;0.113162615895271
179;306;0.15047286725603
179;575;0.121811636444181
179;738;0.172891089273617
179;980;0.0619203011505306
180;208;0.0815640729852021
180;240;0.0247527561616153
180;497;0.136241138214245
180;733;0.0196728973649442
180;742;0.00523630850948393
181;261;0.163664218271151
181;537;0.153467052429914
181;693;0.00711410688236356
181;718;0.158459300268441
181;919;0.0100751102436334
182;157;0.159599545970559
182;442;0.00600518337450922
182;444;0.0598092376254499
182;643;0.0393574095796794
182;674;0.00367500209249556
183;298;0.0833436376415193
183;552;0.0656095418147743
183;751;0.18855573264882
183;883;0.121475158259273
183;988;0.0498745105229318
184;143;0.055009611370042
184;602;0.104795600473881
184;628;0.10886976593174
184;668;0.0134601310361177
184;823;0.13397200317122
185;620;0.192158451490104
185;641;0.0450989048928022
185;709;0.16993451458402
185;899;0.164456989336759
185;960;0.12419560616836
186;320;6.89380802214146e-05
186;878;0.024455258063972
186;923;0.000990003626793623
186;933;0.0629619106184691
186;996;0.115770856058225
187;195;0.155358108971268
187;218;0.120854556793347
187;230;0.102144148340449
187;790;0.00387531132437289
187;916;0.0168645265046507
188;118;0.178911538841203
188;253;0.0914301930461079
188;389;0.00999677120707929
188;732;0.171245677769184
188;784;0.052239793445915
189;542;0.0303348122164607
189;755;0.0761543908156455
189;795;0.0309173312038183
189;840;0.0731890332885087
189;887;0.077661607041955
189;931;0.111746274214238
190;646;0.128068989608437
190;764;0.175557448202744
190;775;0.128982927789912
190;858;0.118571716547012
190;965;0.187772533576936
190;989;0.0441212271805853
191;58;0.0127400216180831
191;129;0.0504958174191415
191;809;0.128232503961772
191;947;0.044521601498127
191;948;0.0588282912038267
191;980;0.0749113800935447
192;170;0.154060023324564
192;451;0.172174185561016
192;825;0.00477378191426396
192;835;0.15527784335427
192;874;0.192414214089513
192;880;0.0667680750600994
193;363;0.027657779911533
193;638;0.0706362490076572
193;769;0.0312709356658161
193;869;0.181337217986584
193;871;0.117790852487087
193;937;0.0848900421056897
194;22;0.0308619117364287
194;389;0.0622733636759222
194;578;0.0290662040002644
194;639;0.0162318121176213
194;932;0.0429996100720018
194;994;0.0540190032217652
195;187;0.0217177995014936
195;227;0.0927641728427261
195;631;0.0111927749589086
195;633;0.0792465146631002
195;860;0.162518455041572
195;895;0.198312781006098
196;127;0.17510772626847
196;600;0.0817949753254652
196;623;0.0863563800696284
196;664;0.140582776023075
196;744;0.0216290917247534
196;958;0.140982676483691
197;262;0.124137034034356
197;332;0.039252196950838
197;338;0.160169034451246
197;476;0.160935088898987
197;669;0.0486854827497155
197;904;0.12482857988216
198;15;0.198009592713788
198;248;0.162537174392492
198;513;0.162954210536554
198;686;0.12564869467169
198;696;0.0810648633167148
198;705;0.0613967465702444
199;551;0.0274549719877541
199;565;0.0444565009791404
199;698;0.105339596932754
199;792;0.157332876278088
199;828;0.0505952598527074
199;946;0.00637122495099902
200;238;0.181708996277303
200;353;0.0778613347094506
200;650;0.0899971349630505
200;740;0.166524144541472
200;977;0.0277261527720839
200;992;0.194764963537455
201;63;0.194818983366713
201;386;0.0909600418526679
201;400;0.0245751834008843
201;882;0.170974475657567
201;915;0.195187838329002
201;975;0.0698312894441187
202;210;0.0934976522810757
202;462;0.161691373912618
202;576;0.154771048296243
202;585;0.135889847017825
202;821;0.157506329054013
202;945;0.135820227721706
203;295;0.13863502596505
203;506;0.100212162407115
203;631;0.177844708552584
203;683;0.0480260964483023
203;943;0.0931239256635308
203;966;0.0482363330665976
204;317;0.0111716145183891
204;569;0.00104265417903662
204;743;0.199903848115355
204;795;0.190797130763531
204;853;0.0577142974827439
204;943;0.0598606628365815
205;440;0.177385409129784
205;477;0.0521587439347059
205;550;0.120885546738282
205;611;0.090614966629073
205;623;0.171974318055436
205;627;0.118008524598554
206;231;0.181471509346738
206;327;0.10553803476505
206;485;0.178898850828409
206;506;0.191019800305367
206;582;0.115202744631097
206;869;0.198700968595222
207;137;0.0393581799697131
207;441;0.161409454979002
207;495;0.188876400282606
207;857;0.0502154419664294
207;871;0.147136646509171
207;963;0.0595440628472716
208;81;0.0952713881619275
208;165;0.0780985213350505
208;180;0.0413436055183411
208;502;0.113555531715974
208;664;0.145459755556658
208;767;0.195222653774545
209;225;0.0854440224356949
209;236;0.170705159194767
209;254;0.0780304112005979
209;590;0.0632707535289228
209;674;0.152037960896269
209;700;0.0933877664618194
210;42;0.150567032629624
210;202;0.148342909291387
210;434;0.0997195886913687
210;599;0.143821513000876
210;910;0.154510731296614
210;990;0.072531131375581
211;352;0.00613782899454236
211;451;0.134844785137102
211;598;0.178317420231178
211;689;0.179093989124522
211;761;0.0878389630001038
211;920;0.0142496505752206
212;130;0.172610895521939
212;498;0.168826840631664
212;526;0.0686536582186818
212;530;0.112689293408766
212;552;0.148372381180525
212;721;0.0731635404285044
213;46;0.000274684885516763
213;51;0.095927490433678
213;177;0.0280837923754007
213;650;0.0268459253013134
213;756;0.141886058310047
213;893;0.0929473141673952
214;231;0.161328289285302
214;560;0.167701137950644
214;723;0.178973826020956
214;805;0.0452697418630123
214;939;0.111246074736118
214;949;0.132834550505504
215;33;0.0065667387098074
215;49;0.0535482855979353
215;355;0.177754685794935
215;478;0.0436260318383574
215;638;0.138669060030952
215;686;0.19074031887576
216;52;0.116880037542433
216;134;0.159155421098694
216;350;0.175066530145705
216;439;0.000932165794074535
216;613;0.185299119958654
216;894;0.166586465388536
217;88;0.116475649364293
217;483;0.085311108827591
217;649;0.0797753697726876
217;713;0.0281256009358913
217;775;0.134281617309898
217;827;0.0969274698756635
218;14;0.104474623734131
218;187;0.158206038363278
218;240;0.0234943035058677
218;266;0.129680306604132
218;559;0.164001423493028
218;859;0.125602561468259
219;552;0.168370748916641
219;603;0.105367145035416
219;648;0.162768930383027
219;833;0.181061314931139
219;890;0.129859786340967
219;968;0.197264779731631
220;409;0.183218382950872
220;509;0.0875652244314551
220;567;0.0226098665967584
220;682;0.185654870653525
220;697;0.0319571029394865
220;878;0.139338825782761
221;237;0.163859872659668
221;271;0.0267230840399861
221;297;0.103162440424785
221;492;0.0352473012637347
221;529;0.19500685618259
221;607;0.0771383790299296
222;260;0.181207789853215
222;288;0.157547975238413
222;474;0.0762261981144547
222;493;0.00694808326661587
222;514;0.0026859222445637
222;882;0.136681276513264
223;280;0.113831168226898
223;332;0.0217777776997536
223;468;0.162855313392356
223;574;0.0693955789785832
223;714;0.0287200387567282
223;906;0.053619940392673
224;37;0.135439978167415
224;381;0.139652449078858
224;449;0.132583662541583
224;554;0.0568785880692303
224;826;0.15847761775367
224;882;0.0911749469581992
225;209;0.0157765250187367
225;336;0.193346055969596
225;646;0.0991628295741975
225;887;0.0532365579623729
225;891;0.0675429338123649
225;957;0.0278277682606131
226;65;0.0152417530771345
226;443;0.136979336943477
226;602;0.0176328818779439
226;621;0.162891383329406
226;786;0.136423637531698
226;949;0.133320649247617
227;195;0.0899641133379191
227;672;0.149631321337074
227;788;0.0930173259228468
227;811;0.102569732768461
227;935;0.00151011222042143
227;971;0.0319233719725162
228;144;0.0476580737158656
228;266;0.043333149375394
228;507;0.183028369350359
228;873;0.0140514853410423
228;889;0.174284147238359
228;985;0.142331903288141
229;348;0.198631406249478
229;476;0.0689371094573289
229;500;0.11387448636815
229;553;0.0963019030168653
229;561;0.175051092961803
229;860;0.000869696913287044
230;187;0.0548907674849033
230;243;0.0763266427442432
230;494;0.185740156890824
230;840;0.113490606099367
230;942;0.0579884361475706
230;968;0.0300509404856712
231;85;0.13557852380909
231;206;0.181344510475174
231;214;0.00672087161801755
231;576;0.0296092948876321
231;745;0.0803074843250215
231;988;0.0768784009851515
232;259;0.00112844975665212
232;380;0.0842936252243817
232;747;0.0229842145461589
232;815;0.1799383349251
232;838;0.163195092184469
232;875;0.109974297229201
233;66;0.125803501764312
233;379;0.165357278008014
233;427;0.178192951995879
233;534;0.0536252750083804
233;700;0.145829592226073
233;964;0.19670997238718
234;273;0.00129040940664709
234;305;0.0544326750561595
234;495;2.08791811019182e-05
234;543;0.0293608369771391
234;824;0.0908397944178432
234;955;0.0315647534560412
235;294;0.128630265360698
235;468;0.0309169843327254
235;619;0.120020510163158
235;730;0.0809452887158841
235;842;0.0553706083446741
235;872;0.106211269460618
236;157;0.0406852996442467
236;209;0.122481549531221
236;327;0.10025015133433
236;375;0.0266990183852613
236;437;0.136584390792996
236;779;0.0883540551178157
237;221;0.174125133501366
237;296;0.194712972268462
237;405;0.139321062667295
237;507;0.0306139240972698
237;704;0.0283726654946804
237;854;0.126859765406698
238;200;0.0611667787190527
238;276;0.0756603592075408
238;372;0.0970581077504903
238;535;0.112249067425728
238;677;0.199614576855674
238;749;0.034997203014791
239;466;0.13115581846796
239;530;0.0943989578634501
239;605;0.107213134132326
239;754;0.0779880669433624
239;869;0.0192199108656496
239;892;0.00870980652980506
240;30;0.173689187830314
240;132;0.0505615929141641
240;180;0.160281050764024
240;218;0.180763506283984
240;556;0.154621887393296
240;704;0.0411456925328821
241;522;0.164807347906753
241;539;0.146024316269904
241;634;0.00189407276920974
241;661;0.119737518904731
241;776;0.181557142408565
241;903;0.184352052723989
242;179;0.0948495048563927
242;290;0.0319970848038793
242;430;0.146535590384156
242;661;0.095735338376835
242;693;0.0386925143189728
242;711;0.0790444931946695
243;230;0.105576148023829
243;319;0.0682736587245017
243;411;0.0918826691806316
243;424;0.0289632786996663
243;862;0.022321501467377
243;928;0.0718040382489562
244;290;0.0667102521751076
244;405;0.0730942408088595
244;461;0.114179221028462
244;589;0.120548094762489
244;595;0.0649095393717289
244;703;0.0651405506767333
245;357;0.0911337508819997
245;363;0.193564784061164
245;478;0.0621452195104212
245;487;0.0536770517472178
245;559;0.0896613961085677
245;631;0.193750653462484
246;333;0.0855093734804541
246;397;0.0242749318480492
246;622;0.136416056798771
246;734;0.0697140549309552
246;764;0.180232495069504
246;875;0.0805436091031879
247;284;0.110930575011298
247;540;0.0412336414679885
247;681;0.0567389306146652
247;894;0.0792152314912528
247;912;0.0489391260780394
247;936;0.0332185215316713
248;198;0.150164579274133
248;340;0.102909416239709
248;506;0.16834142068401
248;672;0.138672496471554
248;699;0.0913405132945627
248;729;0.184933250257745
249;606;0.0186493100132793
249;741;0.0926882978994399
249;754;0.189911462506279
249;823;0.0184553421568125
249;830;0.0624065706506371
249;877;0.156912720901892
250;15;0.0826413302216679
250;80;0.172409585304558
250;280;0.127276354189962
250;419;0.0327572872396559
250;800;0.128416281472892
250;817;0.0822027627844363
251;34;0.147410325519741
251;268;0.125243759108707
251;337;0.187509984150529
251;627;0.13575387285091
251;843;0.141794542688876
251;955;0.12971416907385
252;309;0.0835784284863621
252;580;0.0949041851330549
252;752;0.137570041930303
252;893;0.0293279793579131
252;896;0.088733016140759
252;911;0.113503473764285
253;173;0.187490237969905
253;188;0.147661327524111
253;305;0.00684379152953625
253;635;0.119428279809654
253;688;0.051958830980584
253;818;0.0925157618708909
254;3;0.0754800334572792
254;209;0.114673518110067
254;323;0.19356081886217
254;480;0.107523780828342
254;508;0.06385369268246
254;873;0.177288713026792
255;125;0.168707604380325
255;362;0.174488531192765
255;512;0.173442241782323
255;523;0.0781102441251278
255;782;0.172026985231787
255;950;0.144751772470772
256;21;0.118437186721712
256;386;0.0653615756891668
256;441;0.14858284550719
256;464;0.00403175102546811
256;708;0.0812587675172836
256;781;0.11307094078511
257;300;0.0875264512374997
257;306;0.144445177353919
257;373;0.132848646165803
257;581;0.0156629703007638
257;641;0.0121562898159027
257;944;0.0739952823612839
258;384;0.0247799897100776
258;495;0.021920176083222
258;600;0.189304816816002
258;731;0.132699613692239
258;793;0.100729384226725
258;911;0.163070208532736
259;232;0.0751693967264146
259;448;0.000843084044754505
259;602;0.124188960948959
259;776;0.167036583693698
259;845;0.0487059412058443
259;931;0.091542972298339
260;222;0.177612149715424
260;501;0.0441179781686515
260;528;0.14418079839088
260;762;0.0779738056939095
260;797;0.0395035181194544
260;945;0.0816107633523643
261;64;0.0700202065519989
261;181;0.14539041928947
261;298;0.0426844765432179
261;565;0.175509547814727
261;702;0.0533610928338021
261;720;0.0239265299402177
262;197;0.124501210963354
262;490;0.120800238102674
262;531;0.173217207519338
262;865;0.0437179414089769
262;873;0.118635183712468
262;918;0.162203789921477
263;38;0.00277681718580425
263;76;0.0584705903194845
263;104;0.19261464276351
263;494;0.0684394096489996
263;680;0.193131409585476
263;995;0.0426827747374773
264;267;0.132607062999159
264;415;0.1965097932145
264;467;0.161811390938237
264;491;0.145837472844869
264;517;0.0723905766848475
264;785;0.00203382489271462
265;395;0.193808509083465
265;455;0.0586351532954723
265;461;0.171079803584144
265;533;0.0899795926176012
265;848;0.0270127485040575
265;881;0.0416842418257147
266;218;0.19788295221515
266;228;0.189646620256826
266;301;0.041405329387635
266;496;0.00436796238645911
266;560;0.0788076598662883
266;576;0.0404264722019434
267;264;0.0840166162699461
267;286;0.00391404274851084
267;331;0.0116346879396588
267;424;0.159317611018196
267;609;0.0154749021865428
267;810;0.191728469124064
268;35;0.111484772199765
268;119;0.110845580603927
268;251;0.0867396384011954
268;566;0.0696875466965139
268;610;0.0972217886708677
268;988;0.132496592821553
269;403;0.00321976873092353
269;428;0.179925134871155
269;625;0.158541317982599
269;746;0.0441679323557764
269;985;0.10310964891687
269;995;0.101764589175582
270;118;0.194424505298957
270;384;0.148095498699695
270;525;0.0215103303082287
270;607;0.0205144436564297
270;656;0.0971439499873668
270;878;0.0704247829504311
271;47;0.00607373742386699
271;103;0.128304975200444
271;221;0.0502425832673907
271;469;0.082218793546781
271;774;0.148956438712776
271;872;0.0611223955638707
272;336;0.112676017405465
272;480;0.133908635564148
272;654;0.0844780230894685
272;682;0.115936593152583
272;836;0.0889138710219413
272;978;0.0896077170036733
273;57;0.0809798171278089
273;234;0.0801835640799254
273;301;0.113484258437529
273;725;0.113687544269487
273;806;0.195565747329965
273;888;0.140699280239642
274;504;0.0708066874183714
274;537;0.0334164022933692
274;712;0.169859651429579
274;832;0.157103818980977
274;930;0.0722464332357049
274;975;0.107288567954674
275;351;0.156084410380572
275;399;0.00872686090879142
275;455;0.156967959366739
275;743;0.150994848040864
275;771;0.187630457710475
275;785;0.189529623882845
276;238;0.0945896876044571
276;465;0.152598236128688
276;523;0.0206128074787557
276;583;0.0570377056021243
276;648;0.063175366120413
276;806;0.048623957298696
277;12;0.0341948798391968
277;112;0.0417976485099643
277;325;0.18788427230902
277;492;0.094541732268408
277;644;0.0823736522346735
277;991;0.19582780408673
278;435;0.109731097053736
278;479;0.063813009718433
278;527;0.155185202695429
278;734;0.15160799715668
278;796;0.14156966204755
278;923;0.164302908349782
279;313;0.0164781243074685
279;584;0.00958361644297838
279;611;0.0303024533670396
279;700;0.00813433201983571
279;874;0.142046248028055
279;924;0.0826334584504366
280;223;0.0256494857836515
280;250;0.158494993066415
280;599;0.0668186551891267
280;697;0.0086946630384773
280;720;0.0147916214074939
280;822;0.137813358614221
281;50;0.170305247697979
281;374;0.154538882663473
281;411;0.18040381190367
281;655;0.0150935733225197
281;771;0.093409234425053
281;783;0.0160477420780808
282;70;0.175666650105268
282;593;0.0684987151995301
282;687;0.129454858787358
282;807;0.0988663625437766
282;901;0.135542399156839
282;943;0.0772966396529228
283;332;0.146653405716643
283;373;0.198090763017535
283;545;0.157187063666061
283;679;0.0908420251682401
283;792;0.0923228321131319
283;883;0.166461980389431
284;56;0.186161522055045
284;247;0.0394067174289376
284;435;0.151115754712373
284;613;0.0109768553171307
284;791;0.00842562881298363
284;976;0.0715304211247712
285;147;0.00188033957965672
285;319;0.064373114798218
285;337;0.114643217995763
285;462;0.124511115578935
285;527;0.167670617206022
285;888;0.0735527168493718
286;267;0.012086517456919
286;472;0.0939247018657625
286;484;0.0485802854411304
286;525;0.0728791458532214
286;851;0.167741712694988
286;961;0.192274354677647
287;166;0.0714454758912325
287;585;0.112396824732423
287;630;0.00810295124538243
287;682;0.0462700843811035
287;941;0.168533641239628
287;987;0.183744908217341
288;222;0.0400507350452244
288;402;0.046446019411087
288;468;0.0208236479666084
288;604;0.081573901604861
288;736;0.101506026647985
288;780;0.01961839068681
289;18;0.154048204328865
289;86;0.0474692198447883
289;520;0.126270003430545
289;716;0.104700134880841
289;731;0.155900521250442
289;749;0.00173608777113259
290;242;0.0264081917703152
290;244;0.122230744874105
290;379;0.195520978467539
290;422;0.106196281500161
290;843;0.0218757783528417
290;941;0.183059967122972
291;400;0.0743763332255185
291;417;0.0625003614462912
291;674;0.16490193689242
291;715;0.172099308436736
291;794;0.0457057491410524
291;964;0.16429361011833
292;316;0.146291789226234
292;399;0.0452777656260878
292;711;0.158028359804302
292;750;0.0176260148640722
292;757;0.192631120281294
292;988;0.012645405670628
293;37;0.0589788010343909
293;331;0.122234946023673
293;388;0.096922373585403
293;495;0.114659187523648
293;696;0.0678150619845837
293;875;0.0560978525318205
294;235;0.126034115441144
294;362;0.00604390990920365
294;450;0.198436034051701
294;564;0.0797182091977447
294;583;0.0574245881289244
294;926;0.0674568122252822
295;203;0.0999942150432617
295;349;0.173312494950369
295;450;0.171207182621583
295;571;0.123113861354068
295;630;0.150399552239105
295;770;0.115808436553925
296;146;0.095757473167032
296;237;0.168614724371582
296;788;0.110139500442892
296;835;0.0548047035932541
296;855;0.105450433213264
296;918;0.0931637998204678
297;91;0.167464150069281
297;94;0.127757666399702
297;221;0.12947996663861
297;546;0.106278693862259
297;577;0.113061750587076
297;783;0.145468420069665
298;183;0.11988508910872
298;261;0.0760929832234979
298;759;0.117785602714866
298;765;0.148529074992985
298;901;0.188931774906814
298;973;0.069298277515918
299;339;0.0569802411831915
299;487;0.171164951426908
299;546;0.12488236380741
299;869;0.124312293017283
299;941;0.125685397349298
299;996;0.124584347847849
300;63;0.115093731554225
300;257;0.0930290987715125
300;654;0.120960136596113
300;696;0.0334092816337943
300;887;0.0220031436998397
300;892;0.142256875755265
301;47;0.117384642874822
301;266;0.0590160431340337
301;273;0.103376141935587
301;325;0.164195907628164
301;458;0.112307501863688
301;936;0.119579619029537
302;162;0.172352320561185
302;659;0.145942957606167
302;733;0.0518661849200726
302;776;0.0795478923711926
302;826;0.104281896399334
302;867;0.0654520834330469
303;70;0.11209672302939
303;130;0.0554278210736811
303;334;0.116787542821839
303;360;0.166763954889029
303;765;0.0693106241989881
303;880;0.190439092088491
304;156;0.119075549952686
304;400;0.119459754740819
304;574;0.192020041774958
304;688;0.0258213885128498
304;726;0.109342149738222
304;770;0.111366887157783
305;40;0.0568960327655077
305;106;0.0526611949317157
305;234;0.168925896240398
305;253;0.0220724432263523
305;516;0.0113861229736358
305;895;0.166363598965108
306;179;0.158403624687344
306;257;0.194977046363056
306;358;0.112104930728674
306;655;0.198344422969967
306;833;0.0949986311141402
306;966;0.193469351436943
307;80;0.133473427314311
307;444;0.161141154589131
307;535;0.190481227310374
307;672;0.160499295825139
307;772;0.0323471063748002
307;925;0.0892973038367927
308;102;0.0176177165936679
308;322;0.122732359683141
308;360;0.0535731558222324
308;581;0.0365847161971033
308;856;0.0268856926821172
308;866;0.00622617518529296
309;252;0.110825768206269
309;393;0.184684227127582
309;639;0.0806850407272577
309;709;0.116215214924887
309;813;0.172215674165636
309;955;0.159627252630889
310;68;0.135680390847847
310;124;0.0388547530397773
310;399;0.172042488306761
310;435;0.123872342566028
310;684;0.0270673418417573
310;813;0.159205511724576
311;519;0.00443266909569502
311;549;0.0783483061008155
311;715;0.0622151127550751
311;748;0.196809795498848
311;795;0.181725247949362
311;905;0.066967554949224
312;128;0.0217781923245639
312;134;0.0877619484439492
312;373;0.105170002346858
312;468;0.169844210753217
312;637;0.150245455419645
312;743;0.0702384976204485
313;279;0.0717744864989072
313;334;0.0228323360905051
313;665;0.0340520855970681
313;750;0.0621498902328312
313;843;0.163515101652592
313;902;0.150896737817675
314;485;0.0583183592651039
314;522;0.161812303122133
314;595;0.0726215995382518
314;663;0.191816114960238
314;717;0.186339896731079
314;999;0.143780339928344
315;369;0.0218226267024875
315;384;0.0504982542712241
315;621;0.0488368667196482
315;768;0.106837755907327
315;967;0.120124019682407
315;976;0.104394227685407
316;292;0.00301764961332083
316;416;0.0858756192494184
316;740;0.0272385320160538
316;779;0.00214596767909825
316;853;0.156554151698947
316;949;0.100715660071
317;204;0.164181161858141
317;754;0.19226710665971
317;858;0.0707077798433602
317;870;0.0760348960757256
317;931;0.0155059886164963
317;986;0.197684381669387
318;332;0.114948481367901
318;402;0.0306540647055954
318;521;0.00817695301957429
318;729;0.0742017176933587
318;745;0.105985719105229
318;888;0.0307254519313574
319;243;0.140048504015431
319;285;0.156507508922368
319;386;0.0247430812567472
319;477;0.144733610702679
319;670;0.0271529216319323
319;809;0.173070136876777
320;27;0.0162519828882068
320;186;0.0645664137322456
320;544;0.177074243221432
320;612;0.18838667711243
320;679;0.0707587233744562
320;803;0.11497163833119
321;364;0.153203121665865
321;442;0.15384084447287
321;475;0.0018475185148418
321;544;0.00634791189804673
321;778;0.163876685546711
321;906;0.0335016617085785
322;85;0.0794383265543729
322;159;0.120113846613094
322;308;0.112080952338874
322;554;0.00267609506845474
322;609;0.0776284876279533
322;674;0.13415913367644
322;992;0.0818113451823592
323;50;0.0323845011647791
323;254;0.148776017595083
323;484;0.012841368233785
323;547;0.190561016229913
323;658;0.0443490186240524
323;843;0.150500840879977
323;901;0.0393940889276564
324;328;0.0977523874025792
324;397;0.0257187510374934
324;473;0.123059868533164
324;687;0.151640009740368
324;734;0.0331167970784009
324;823;0.0194416513200849
324;852;0.133365383325145
325;277;0.183328085113317
325;301;0.0943303488660604
325;490;0.109398657875136
325;536;0.112276965519413
325;538;0.0163952665403485
325;679;0.0255547914654017
325;835;0.129269982594997
326;486;0.120467773405835
326;529;0.142576279258356
326;563;0.103736412618309
326;577;0.107149184774607
326;740;0.0258071094285697
326;754;0.131847717193887
326;952;0.121773400623351
327;88;0.0481859910301864
327;206;0.0609469121322036
327;236;0.0692675724625588
327;457;0.166085346322507
327;654;0.0147811850532889
327;735;0.175932135432959
327;806;0.0300025039352477
328;173;0.0159136946313083
328;324;0.0718481358140707
328;336;0.178852423047647
328;491;0.135534717142582
328;683;0.0318701835349202
328;729;0.0830437568482012
328;876;0.0699578280560672
329;372;0.155720119085163
329;373;0.041013003885746
329;592;0.0618606684263796
329;807;0.106689338944852
329;816;0.113017181446776
329;853;0.176858612708747
329;892;0.0530876162927598
330;147;0.0917430182453245
330;749;0.011182592343539
330;771;0.176881826529279
330;792;0.0424318039324135
330;794;0.0340903641656041
330;828;0.153155392641202
330;934;0.0851077892351896
331;68;0.110786859178916
331;267;0.0622459174133837
331;293;0.156003888277337
331;383;0.02395911780186
331;396;0.0324430354405195
331;446;0.100051079783589
331;694;0.0105919018387794
332;197;0.0141231371089816
332;223;0.13649094318971
332;283;0.198916212143376
332;318;0.0474797262810171
332;420;0.0297905672341585
332;850;0.0355469963978976
332;888;0.0426009131129831
333;246;0.081564183300361
333;346;0.00270057180896401
333;411;0.0475536866579205
333;427;0.198121851775795
333;825;0.0581323670223355
333;842;0.0503092892002314
333;916;0.0571705847978592
334;62;0.11114811655134
334;303;0.189152773888782
334;313;0.0292932809330523
334;398;0.0952580824494362
334;436;0.113446604600176
334;826;0.178388060396537
334;913;0.061618103319779
335;48;0.0172516209073365
335;134;0.194091331679374
335;482;0.0763281512074173
335;597;0.11022019716911
335;752;0.129281037580222
335;905;0.18373134736903
335;914;0.175326903210953
336;139;0.143786423560232
336;152;0.0522354355547577
336;174;0.164753480954096
336;225;0.143958023330197
336;272;0.0849041126668453
336;328;0.120969906914979
336;557;0.08863545791246
337;251;0.0101010223384947
337;285;0.142015224602073
337;433;0.198608300229535
337;561;0.196111652068794
337;794;0.148213727632537
337;833;0.137056013988331
337;991;0.0553708510007709
338;197;0.126731023611501
338;415;0.152365295495838
338;458;0.0970153096597642
338;740;0.00831639445386827
338;758;0.103083588927984
338;776;0.146252148365602
338;842;0.198896911926568
339;299;0.0519188403151929
339;343;0.102491156291217
339;415;0.0125230634119362
339;538;0.0613633023574948
339;600;0.0989421464968473
339;832;0.137567295972258
339;987;0.173660481674597
340;248;0.190641712537035
340;542;0.0855411894153804
340;575;0.108625349821523
340;610;0.148703234596178
340;684;0.198170082131401
340;966;0.138340894179419
340;987;0.120451924530789
341;121;0.13875730233267
341;569;0.0365116049069911
341;570;0.112569580227137
341;736;0.0636389427818358
341;761;0.103792416071519
341;858;0.0461135681718588
341;970;0.0882801273837686
342;392;0.143069066945463
342;400;0.0342555687762797
342;401;0.102424292266369
342;413;0.0556571452412754
342;593;0.0572709531523287
342;699;0.03243502182886
342;810;0.00730377715080976
343;339;0.0619536315090954
343;368;0.020604773843661
343;496;0.116915725171566
343;571;0.199125055316836
343;640;0.131950869178399
343;890;0.180489608552307
343;904;0.0401441921945661
344;507;0.037837164150551
344;801;0.159854238852859
344;821;0.0738806216511875
344;875;0.03329659383744
344;885;0.093413314037025
344;906;0.0117692717816681
344;952;0.118043937254697
345;168;0.0398438846692443
345;479;0.0592957842629403
345;600;0.102200846979395
345;802;0.010561966476962
345;859;0.00254833181388676
345;913;0.106293101748452
345;979;0.180810639169067
346;124;0.195972784422338
346;333;0.140292573487386
346;606;0.00619419384747744
346;664;0.00565745602361858
346;782;0.129176442604512
346;877;0.0515739687718451
346;935;0.14445011341013
347;128;0.0431819431018084
347;140;0.166312402999029
347;150;0.0550131977535784
347;443;0.0598687252495438
347;497;0.00211266851983964
347;585;0.101780753070489
347;999;0.182637227931991
348;84;0.0192008894868195
348;229;0.0603662444744259
348;586;0.167097678920254
348;598;0.191490642074496
348;611;0.0882488088682294
348;623;0.0202969954349101
348;879;0.114992057299241
349;118;0.0263310403563082
349;143;0.083944435743615
349;295;0.183647406846285
349;517;0.0847146633546799
349;823;0.037220222922042
349;824;0.129621044034138
349;865;0.111186923692003
350;216;0.194952581496909
350;359;0.160265921382234
350;551;0.0162008253391832
350;748;0.156379676796496
350;749;0.0371287045069039
350;908;0.0976560898590833
350;990;0.0558919715695083
351;275;0.184933836990967
351;509;0.140446254750714
351;661;0.138865044526756
351;731;0.161625383095816
351;750;0.0314797339495271
351;884;0.153760427841917
351;940;0.185314093716443
352;211;0.104387576086447
352;562;0.167463899403811
352;625;0.196817938284948
352;723;0.167903183447197
352;803;0.0633551954291761
352;906;0.108853272302076
352;975;0.0236893237102777
353;52;0.0110417377669364
353;171;0.122783689014614
353;200;0.105085836397484
353;531;0.114286182681099
353;955;0.0554085114970803
353;985;0.111925581982359
353;989;0.0331497605890036
354;363;0.197010810207576
354;433;0.115024489583448
354;555;0.166959122009575
354;604;0.083806922333315
354;844;0.13241305151023
354;867;0.184369044005871
354;892;0.113117748918012
355;215;0.165965795470402
355;568;0.187156438780949
355;582;0.19723324207589
355;625;0.159800462564453
355;916;0.178671405091882
355;920;0.199216099828482
355;947;0.0835410128813237
356;76;0.108229735912755
356;137;0.184913885500282
356;604;0.0942656733095646
356;764;0.0894727107603103
356;772;0.117403556033969
356;900;0.0741255030035973
356;960;0.0197569899260998
357;174;0.0273610695730895
357;245;0.121847623912618
357;465;0.07178925848566
357;616;0.0387871807441115
357;780;0.0349897154606879
357;801;0.185857060551643
357;900;0.000398181565105915
358;306;0.179241691203788
358;392;0.198516461485997
358;630;0.118771508894861
358;640;0.0948300289455801
358;769;0.0523620538879186
358;845;0.194053278071806
358;848;0.199928414961323
359;136;0.0578336277976632
359;350;0.00981774115934968
359;483;0.0978531143628061
359;625;0.18528196499683
359;881;0.0378968656994402
359;893;0.0642195245716721
359;899;0.0797688749153167
360;303;0.163157490314916
360;308;0.153397078067064
360;482;0.0671476081479341
360;498;0.0191994556691498
360;693;0.176870534243062
360;861;0.136655853316188
360;965;0.157941086729988
361;141;0.167013586685061
361;383;0.151204088842496
361;395;0.0635515561327338
361;711;0.149173746677116
361;837;0.118832719232887
361;922;0.1878014896065
361;964;0.137129320250824
362;255;0.164645108580589
362;294;0.0792064604815096
362;491;0.0286703815218061
362;593;0.061431703530252
362;613;0.0447833283338696
362;650;0.0351895483210683
362;682;0.175865672156215
363;193;0.013121630391106
363;245;0.0916623239405453
363;354;0.0179977843072265
363;521;0.0131197687704116
363;550;0.161339507205412
363;742;0.082973696058616
363;839;0.174286852870137
364;15;0.192628904338926
364;43;0.0923942985013127
364;321;0.130978285521269
364;401;0.172145501058549
364;454;0.165635785041377
364;460;0.149080798355862
364;719;0.00690919100306928
365;10;0.00622564144432545
365;175;0.181146199302748
365;526;0.071441841032356
365;595;0.121764163812622
365;623;0.0248088500928134
365;752;0.103501040721312
365;759;0.159220860339701
366;372;0.131189796654508
366;416;0.0871117458213121
366;425;0.145439025573432
366;441;0.127756227692589
366;793;0.00805061091668904
366;939;0.177530259592459
366;957;0.0930699494667351
367;59;0.0608001513406634
367;157;0.168073812080547
367;412;0.084238605061546
367;452;0.0239790171850473
367;558;0.103969830740243
367;709;0.141923179244623
367;767;0.123843087628484
368;120;0.0932798431720585
368;343;0.0611404736060649
368;483;0.186955762188882
368;770;0.15211035120301
368;807;0.00459951818920672
368;824;0.173663490684703
368;987;0.126045412896201
369;315;0.165322413900867
369;400;0.0952291691675782
369;413;0.131091122003272
369;438;0.050312692578882
369;599;0.0759846644010395
369;676;0.00152021581307054
369;950;0.0391217181459069
370;157;0.135666814353317
370;719;0.0288681524340063
370;748;0.199254166986793
370;786;0.0109263237100095
370;815;0.0673051211517304
370;822;0.0252131345681846
370;884;0.136829264648259
371;26;0.190170191833749
371;88;0.0134813772980124
371;102;0.00742576150223613
371;382;0.0943627723958343
371;403;0.0546176913194358
371;629;0.0348899404983968
371;775;0.0171515040565282
372;238;0.118829054525122
372;329;0.172278096340597
372;366;0.117356878565624
372;405;0.195245835464448
372;873;0.0346298223361373
372;876;0.081915634451434
372;919;0.100601450074464
373;82;0.194289327785373
373;257;0.179678396740928
373;283;0.0198174669407308
373;312;0.0024300564546138
373;329;0.102194401714951
373;602;0.0780966983642429
373;715;0.0345092857256532
374;126;0.135430883942172
374;281;0.159134890045971
374;604;0.131485086446628
374;637;0.15569853419438
374;735;0.0162475760560483
374;738;0.195278779743239
374;817;0.128812030237168
375;91;0.0997803600504995
375;236;0.000662568490952253
375;412;0.0233283953275532
375;432;0.191967925895005
375;461;0.0126739699859172
375;867;0.086447981884703
375;903;0.0398956120014191
376;138;0.159839129634202
376;446;0.17540278499946
376;447;0.110322162695229
376;483;0.0913244985044003
376;521;0.0716761796735227
376;708;0.153725435538217
376;966;0.179880440002307
377;119;0.0513981795869768
377;387;0.0591035236604512
377;425;0.0708656505681574
377;552;0.0542827099561691
377;564;0.0905115093570203
377;694;0.00898410016670823
377;959;0.00170188536867499
378;123;0.0288749339990318
378;419;0.0301872220356017
378;534;0.129638006631285
378;553;0.0117745960131288
378;668;0.0766626912169159
378;827;0.0515213028527796
378;851;0.0460244311019778
379;88;0.169363482948393
379;233;0.0781382941640913
379;290;0.00326709873043001
379;430;0.00556999868713319
379;541;0.0858244187664241
379;871;0.185805123858154
379;940;0.186631211638451
380;7;0.0651986187789589
380;232;0.00333672808483243
380;409;0.146760047692806
380;460;0.137274283356965
380;601;0.119569408940151
380;603;0.183010410191491
380;851;0.0672838674392551
381;63;0.129144580336288
381;140;0.034689807286486
381;224;0.10067170499824
381;632;0.00780690303072333
381;635;0.12557742157951
381;857;0.038487555179745
381;929;0.0387424028012902
382;166;0.0117894508875906
382;371;0.176048858789727
382;486;0.0533460797742009
382;694;0.130479846149683
382;791;0.0620608230587095
382;813;0.037252681190148
382;879;0.0586293569765985
383;331;0.00185896125622094
383;361;0.108163857879117
383;681;0.00118964989669621
383;691;0.0369931979104877
383;793;0.186560975434259
383;924;0.0472401266917586
383;949;0.0214798993896693
384;258;0.0355263937264681
384;270;0.13207981986925
384;315;0.00681960596702993
384;501;0.00491531863808632
384;892;0.0121196809224784
384;926;0.0234810595866293
384;992;0.0577821702696383
385;160;0.111158420611173
385;466;0.147338449954987
385;501;0.0576474823523313
385;511;0.198741213791072
385;716;0.0424898817203939
385;742;0.129524911101908
385;843;0.0121677961200476
386;201;0.0117071791086346
386;256;0.0266448808833957
386;319;0.109558780165389
386;413;0.076158549869433
386;633;0.086449188971892
386;789;0.172964945202693
386;844;0.141560642980039
387;48;0.00573775190860033
387;377;0.091751304268837
387;537;0.0465683863032609
387;703;0.0815279149916023
387;790;0.0647112501785159
387;814;0.0117898800875992
387;897;0.0922935800161213
388;293;0.147254930436611
388;545;0.12741642720066
388;579;0.0938270987942815
388;631;0.173831316689029
388;679;0.16023949352093
388;769;0.0705067206639797
388;809;0.000143459485843778
389;30;0.190341049758717
389;188;0.0671071654185653
389;194;0.0481505677569658
389;612;0.150141549529508
389;685;0.0115653812885284
389;735;0.115898248786107
389;797;0.0522596806287766
390;115;0.0207901062443852
390;160;0.0122857961338013
390;438;0.110785913234577
390;477;0.177710689790547
390;681;0.127850955957547
390;849;0.118122192425653
390;866;0.178103288216516
391;591;0.0307402809616178
391;638;0.0561940889339894
391;723;0.155086013861001
391;796;0.099479109281674
391;867;0.198420152114704
391;885;0.0165392419788986
391;910;0.108173117786646
392;342;0.0783609345089644
392;358;0.0524876947049052
392;617;0.044583799643442
392;666;0.186657959409058
392;686;0.0719064982142299
392;863;0.0113532367162406
392;885;0.00564273516647518
393;101;0.00909874723292887
393;129;0.0703109583817422
393;309;0.157495193788782
393;514;0.111189514258876
393;731;0.106049597077072
393;839;0.0739989072550088
393;945;0.0436436388175935
394;511;0.175270520942286
394;569;0.0393707061186433
394;717;0.0858089104760438
394;763;0.185527763841674
394;829;0.0996558745857328
394;909;0.197262083366513
394;978;0.12861968325451
395;265;0.100042980536819
395;361;0.042114331247285
395;771;0.0869465274270624
395;786;0.0905402468983084
395;834;0.0582210896536708
395;892;0.0858829317148775
395;919;0.199618680030108
396;143;0.0455669947899878
396;331;0.183341844845563
396;611;0.0222294348292053
396;765;0.0154658704530448
396;809;0.194356010248885
396;855;0.113359174784273
396;957;0.00463356915861368
397;246;0.0538304388523102
397;324;0.167750085704029
397;427;0.109291129792109
397;631;0.0509057213086635
397;721;0.0794237343128771
397;760;0.11712865177542
397;787;0.00540400701574981
398;163;0.144892633380368
398;334;0.158753947168589
398;447;0.00687837828882039
398;639;0.0344460695516318
398;652;0.0976766085252166
398;916;0.181824586074799
398;938;0.175053976709023
399;275;0.156260417588055
399;292;0.100513455830514
399;310;0.0810642460361123
399;565;0.0405234687961638
399;580;0.109015390183777
399;735;0.12662125104107
399;941;0.17528751087375
400;201;0.13072654879652
400;291;0.00050670076161623
400;304;0.0658324405550957
400;342;0.133831131644547
400;369;0.163091096142307
400;645;0.158005280792713
400;960;0.182988104084507
401;342;0.176090676430613
401;364;0.0647770716808736
401;448;0.0704872936941683
401;681;0.0248872932512313
401;723;0.0855155763681978
401;756;0.0730402480345219
401;883;0.115313499886543
402;164;0.0273376565426588
402;288;0.174966859119013
402;318;0.025626686681062
402;759;0.0255792391486466
402;807;0.0755954925436527
402;879;0.0280871099792421
402;970;0.0171153169125319
403;269;0.150678645027801
403;371;0.198320943536237
403;433;0.152497952524573
403;593;0.0996767805423588
403;654;0.166235357569531
403;669;0.185035526612774
403;728;0.137464673025534
404;133;0.158739337045699
404;481;0.0724952860269696
404;705;0.0565082082524896
404;734;0.024683648487553
404;758;0.0665710062719882
404;936;0.122206332534552
404;991;0.0152361639309675
405;127;0.186150759179145
405;237;0.0579824903979897
405;244;0.0174720806535333
405;372;0.0563024835661054
405;780;0.0629713138565421
405;835;0.00763095049187541
405;852;0.105145684909075
406;129;0.0763759488239884
406;146;0.00621989881619811
406;489;0.132613044185564
406;652;0.0209292897488922
406;743;0.163938968162984
406;765;0.101402045227587
406;848;0.00555308302864432
407;408;0.0205296926666051
407;410;0.105688359215856
407;441;0.108262320095673
407;511;0.137150264345109
407;606;0.00339206196367741
407;612;0.136525671323761
407;886;0.145400013448671
408;407;0.169119187537581
408;501;0.186634552385658
408;660;0.147399688884616
408;664;0.183795977476984
408;849;0.0866349685937166
408;859;0.166186637757346
408;918;0.0621504022274166
409;2;0.118733106693253
409;220;0.122823655884713
409;380;0.170173230813816
409;426;0.11615881244652
409;448;0.16379773193039
409;666;0.0784626613371074
409;768;0.007794293994084
410;407;0.00899337879382074
410;559;0.014660584833473
410;598;0.192129395995289
410;714;0.128505646297708
410;784;0.160912541346624
410;898;0.00363913155160844
410;901;0.182985900854692
411;243;0.0848024201113731
411;281;0.0236033254303038
411;333;0.0230222196318209
411;413;0.0669826451223344
411;855;0.0489702634513378
411;960;0.113655395479873
411;967;0.157691993797198
412;87;0.0817873935215175
412;367;0.122874815762043
412;375;0.0753253390081227
412;496;0.0477202949579805
412;584;0.00771727687679231
412;850;0.022048785770312
412;914;0.188397106388584
413;342;0.119620453426614
413;369;0.189336179243401
413;386;0.114555612253025
413;411;0.0528110753744841
413;714;0.00478232861496508
413;916;0.0664031607564539
413;973;0.0658662329427898
414;101;0.0210061947349459
414;453;0.178008860861883
414;492;0.0269999508745968
414;652;0.0575464607682079
414;658;0.0326481195166707
414;728;0.016907218284905
414;957;0.0890525730792433
415;6;0.13415867369622
415;264;0.069267901359126
415;338;0.0503710766322911
415;339;0.0145042882766575
415;491;0.116716640954837
415;806;0.169535016780719
415;860;0.0411137259099633
416;77;0.121503555215895
416;316;0.0710670311935246
416;366;0.0342768540140241
416;494;0.163670606957749
416;755;0.0590978022199124
416;968;0.0458084874786437
416;982;0.111738800955936
417;291;0.176177886081859
417;653;0.150595759740099
417;709;0.0517009256407619
417;841;0.0634732813108713
417;866;0.184422086039558
417;918;0.108198489621282
417;940;0.0614897002466023
418;84;0.0654039252083749
418;144;0.0458669993560761
418;172;0.0606451233848929
418;628;0.0818516074214131
418;755;0.192408298887312
418;833;0.0500239970628172
418;934;0.179521595546976
419;250;0.153964752377942
419;378;0.118038976471871
419;450;0.127568375738338
419;758;0.0579135779757053
419;822;0.0841274533420801
419;942;0.0217237110715359
419;957;0.162175634456798
420;29;0.196329160034657
420;332;0.180727186705917
420;435;0.022613262757659
420;510;0.0846702400129288
420;539;0.101882821135223
420;749;0.079108275519684
420;798;0.144707000022754
421;445;0.0329689438454807
421;452;0.176627950463444
421;488;0.151341814966872
421;505;0.0149191736243665
421;624;0.130715117976069
421;653;0.0442851906642318
421;927;0.0985722704324871
422;290;0.0473738083150238
422;597;0.0599266574252397
422;746;0.194779015704989
422;785;0.0385128499474376
422;812;0.0420184748247266
422;849;0.0622421551961452
422;864;0.108291180059314
423;156;0.142656178958714
423;441;0.0748183401301503
423;621;0.111598983826116
423;701;0.0323839699849486
423;718;0.073857156233862
423;766;0.126081952219829
423;930;0.124825375154614
424;243;0.126716280961409
424;267;0.154771788045764
424;532;0.0320129543077201
424;584;0.113840793073177
424;647;0.180241940077394
424;723;0.141657362272963
424;925;0.0341138720978051
425;100;0.0482389878481627
425;366;0.0836606326047331
425;377;0.188356404239312
425;694;0.0924702481832355
425;830;0.0882321971934289
425;879;0.144546144688502
425;999;0.00850491453893483
426;36;0.192490908969194
426;409;0.0974039018154144
426;517;0.0841127658262849
426;726;0.0651636307127774
426;867;0.0341432683635503
426;885;0.0808732893317938
426;939;0.0504926641937345
427;233;0.128972091479227
427;333;0.0707212455570698
427;397;0.175432533351705
427;449;0.0215245943516493
427;505;0.167327856598422
427;911;0.0340569759719074
427;944;0.147799818543717
428;269;0.152221126528457
428;438;0.00161237460561097
428;466;0.0307581364177167
428;658;0.0421630423516035
428;755;0.0858510109130293
428;759;0.165032194834203
428;795;0.0620042725000531
429;169;0.18845169688575
429;539;0.0415303458459675
429;592;0.0223916217684746
429;693;0.0270668821409345
429;763;0.156807208666578
429;875;0.15258776973933
429;910;0.173055060766637
430;242;0.0756756871938705
430;379;0.176062833610922
430;587;0.139774532057345
430;615;0.0371756541542709
430;768;0.0689562250860035
430;778;0.0218348608352244
430;812;0.0903407144825906
431;121;0.0213047374039888
431;146;0.0119794960133731
431;592;0.0749095739331096
431;717;0.16829970846884
431;742;0.0519562697969377
431;816;0.0925416246987879
431;955;0.174342333991081
432;68;0.00832417830824852
432;375;0.0909028253983706
432;686;0.131339433649555
432;755;0.0353900227695704
432;800;0.169651591964066
432;854;0.0423085453920066
432;978;0.155996950529516
433;10;0.0677402893081307
433;337;0.0368613486643881
433;354;0.091365981567651
433;403;0.145202677743509
433;564;0.106294590746984
433;819;0.019047739636153
433;867;0.0936085255816579
434;148;0.0494968115817755
434;158;0.132256705546752
434;210;0.122557026473805
434;499;0.0686968340538442
434;525;0.0197790615726262
434;670;0.0738043214660138
434;808;0.00178147652186453
435;43;0.0862694132141769
435;278;0.112716419855133
435;284;0.178429541969672
435;310;0.114406185783446
435;420;0.0123488827142864
435;494;0.0690695898607373
435;937;0.0717094604857266
436;334;0.193384498683736
436;509;0.106075711688027
436;605;0.165964155131951
436;661;0.138268512673676
436;762;0.0597039024811238
436;812;0.010090282605961
436;837;0.0194102751556784
437;236;0.100795337185264
437;454;0.0213446833193302
437;588;0.0254086023662239
437;693;0.0358911136165261
437;811;0.174166567949578
437;967;0.142258784500882
437;991;0.110114911897108
438;97;0.151357647543773
438;161;0.0715380123816431
438;369;4.96027059853077e-06
438;390;0.0374991206452251
438;428;0.0661547158379108
438;464;0.183271997887641
438;996;0.17179236728698
439;168;0.0663785958196968
439;216;0.172748684836552
439;515;0.163534254115075
439;766;0.0657068029046059
439;829;0.137417635507882
439;960;0.193506442895159
439;992;0.188950530951843
440;205;0.137632851023227
440;484;0.185063394671306
440;668;0.157473378349096
440;753;0.139088265318424
440;814;0.0818977690767497
440;864;0.179248454933986
440;907;0.163147621322423
441;207;0.0650152256246656
441;256;0.113489278173074
441;366;0.109434702200815
441;407;0.033969762083143
441;423;0.0871486300602555
441;465;0.185623810766265
441;916;0.0821867079474032
442;69;0.0683886637911201
442;182;0.0144746738951653
442;321;0.0629788423422724
442;464;0.0706633102614433
442;475;0.0249654026702046
442;630;0.190632853703573
442;913;0.119926948985085
443;226;0.0925573761109263
443;347;0.028828609501943
443;691;0.0765383339952678
443;868;0.104830697225407
443;890;0.0804464342072606
443;969;0.122613530093804
443;975;0.111840078048408
444;177;0.0254569026175886
444;182;0.0407474250998348
444;307;0.0770386148709804
444;458;0.140234348410741
444;635;0.0540553751401603
444;668;0.137749730516225
444;835;0.153890160750598
445;152;0.0316200793255121
445;421;0.119723321357742
445;722;0.112995015457273
445;746;0.0912420118227601
445;826;0.150685379421338
445;840;0.000276989955455065
445;994;0.103368812613189
446;331;0.123391386540607
446;376;0.118233743542805
446;541;0.195292022218928
446;602;0.0102560232859105
446;644;0.130623810365796
446;900;0.0701787982601672
446;930;0.0830157054122537
447;376;0.0829978402704001
447;398;0.004953683167696
447;796;0.0440797004383057
447;807;0.156009705783799
447;842;0.0665196901187301
447;871;0.179489278048277
447;989;0.114817625982687
448;259;0.0581245165318251
448;401;0.146591995703056
448;409;0.0409399779047817
448;600;0.106964133540168
448;702;0.161601707013324
448;738;0.0597609409596771
448;938;0.0716541653499007
449;136;0.0139048469252884
449;224;0.0226292269304395
449;427;0.138601580727845
449;460;0.0309412201400846
449;565;0.0768400872126222
449;603;0.0222746002487838
449;865;0.15714187445119
450;294;0.117568399989977
450;295;0.175027738558128
450;419;0.176015350641683
450;578;0.0666613208595663
450;691;0.0797303149942309
450;891;0.0289959540124983
450;921;0.165630261832848
451;45;0.153894074913114
451;68;0.0409875366836786
451;192;0.174036297388375
451;211;0.112849693140015
451;733;0.0177062707021832
451;798;0.183782868413255
451;862;0.190546530392021
452;367;0.0948947156779468
452;421;0.0703285978641361
452;558;0.0927573482040316
452;678;0.12526617096737
452;769;0.0366397874895483
452;835;0.0372212040238082
452;858;0.15211517997086
453;111;0.00145659879781306
453;414;0.0248681015335023
453;473;0.0213278491981328
453;597;0.0786281072534621
453;640;0.110364340431988
453;712;0.0704674661625177
453;941;0.077937121829018
454;364;0.176947521464899
454;437;0.0192603284493089
454;669;0.0799542822875083
454;806;0.191215515183285
454;858;0.0743514080066234
454;969;0.0246300417929888
454;992;0.0613094429019839
455;38;0.182133686542511
455;265;0.00881840665824711
455;275;0.0689479290042073
455;588;0.0251879113260657
455;889;0.171177513990551
455;923;0.122113124094903
455;994;0.198440004885197
456;109;0.0678550698328763
456;122;0.196543824160472
456;596;0.103908425755799
456;880;0.155432630842552
456;923;0.105300581967458
456;953;0.135268296673894
456;980;0.0210360907949507
457;327;0.020968219731003
457;571;0.126414217427373
457;659;0.160614376375452
457;706;0.180576552543789
457;765;0.0846050668507815
457;779;0.119408412417397
457;864;0.00246458780020475
458;60;0.0940915753133595
458;301;0.12575037102215
458;338;0.034269138192758
458;444;0.14312315415591
458;639;0.0341868565417826
458;884;0.127081533661112
458;953;0.112038448965177
459;523;0.0657878482248634
459;572;0.195205297088251
459;588;0.0160214094910771
459;657;0.147986352257431
459;739;0.17881494644098
459;835;0.0362299822736531
459;871;0.175819069799036
460;147;0.192895994521677
460;364;0.199748765444383
460;380;0.177901166025549
460;449;0.0223507505841553
460;819;0.0370797682087868
460;847;0.136450227536261
460;948;0.0965435392223299
461;244;0.104645434534177
461;265;0.187478880211711
461;375;0.0351044203620404
461;486;0.0186594872269779
461;493;0.166940501658246
461;675;0.0674687413964421
461;698;0.166099898051471
462;202;0.188122070208192
462;285;0.00933554032817483
462;565;0.0830023396294564
462;612;0.11641311198473
462;645;0.134553254861385
462;764;0.152638407796621
462;915;0.0410008942242712
463;111;0.0800069179851562
463;465;0.000663847848773003
463;672;0.110240885056555
463;687;0.0495927672367543
463;763;0.125505416141823
463;782;0.100299924146384
463;783;0.0479112803470343
464;22;0.133737485855818
464;61;0.183687582612038
464;256;0.182344237435609
464;438;0.091299649560824
464;442;0.0595178202260286
464;560;0.0880147269461304
464;868;0.0273130597546697
465;276;0.0149506518617272
465;357;0.116892737103626
465;441;0.0407097106799483
465;463;0.183820112328976
465;581;0.148729106737301
465;652;0.053473406098783
465;864;0.0791226616594941
466;151;0.00417109741829336
466;239;0.0964115644339472
466;385;0.0174732584971935
466;428;0.190302989352494
466;642;0.193765034060925
466;824;0.183094504103065
466;849;0.045631611905992
467;264;0.163574113650247
467;614;0.0460998583585024
467;632;0.142237626202405
467;665;0.0366591956000775
467;772;0.107575490977615
467;932;0.0780529477167875
467;963;0.0464034841395915
468;223;0.131713673705235
468;235;0.151346680521965
468;288;0.145687740202993
468;312;0.0171181305777282
468;521;0.182086630305275
468;544;0.0958907554391772
468;726;0.177405342599377
469;67;0.0826658855192363
469;271;0.00353074776940048
469;506;0.0101861855946481
469;618;0.0334725790657103
469;670;0.138049507513642
469;740;0.191021310538054
469;820;0.0588807976339012
470;44;0.0818165223579854
470;54;0.0728549323044717
470;167;0.198609947692603
470;648;0.179120535217226
470;763;0.15035304245539
470;772;0.19754521693103
470;918;0.193542483076453
471;477;0.198392591858283
471;528;0.1816306643188
471;577;0.0794123425614089
471;592;0.120527927484363
471;825;0.159657375374809
471;848;0.16195906130597
471;866;0.0512811072636396
472;286;0.197478443197906
472;535;0.108360289782286
472;541;0.107928134314716
472;592;0.119357492215931
472;625;0.00570090059190989
472;640;0.193392323562875
472;815;0.0805209064856172
473;130;0.184393109381199
473;159;0.0709384660702199
473;324;0.177879579877481
473;453;0.0221770028118044
473;586;0.0783843977376819
473;891;0.0243259600363672
473;917;0.181565165054053
474;69;0.021498276758939
474;222;0.0663211652543396
474;825;0.0220083190128207
474;844;0.0169576797634363
474;880;0.120671464130282
474;950;0.17911154278554
474;971;0.0455022173002362
475;115;0.0749591136351228
475;155;0.0460811481811106
475;321;0.0327176801860333
475;442;0.0333040833007544
475;639;0.169581286981702
475;799;0.134855299349874
475;920;0.133991711726412
476;197;0.112131806975231
476;229;0.140861621685326
476;622;0.171650753263384
476;762;0.124794406630099
476;909;0.0545589015353471
476;914;0.182297037215903
476;978;0.0473048379644752
477;205;0.0202527377288789
477;319;0.10838287724182
477;390;0.0699839031323791
477;471;0.111837268993258
477;808;0.0143009885214269
477;878;0.163266197033227
477;903;0.145378263574094
478;215;0.0280119054950774
478;245;0.0047148494515568
478;533;0.171218063309789
478;646;0.0314450179692358
478;695;0.0647262956015766
478;764;0.0926381498575211
478;841;0.109640076290816
479;278;0.013755373377353
479;345;0.125406518578529
479;576;0.187517271097749
479;782;0.0382715667132288
479;846;0.0504658861085773
479;853;0.124716139398515
479;938;0.106216032477096
480;254;0.00599515214562416
480;272;0.022982440283522
480;482;0.193063769070432
480;508;0.0748864545952529
480;510;0.0965852021239698
480;553;0.183289787499234
480;711;0.186614900780842
481;404;0.185052961017936
481;581;0.023978119622916
481;589;0.0476098582614213
481;667;0.030819578608498
481;712;0.142887974204496
481;732;0.0310068387072533
481;920;0.0988341743126512
482;335;0.0809798911679536
482;360;0.125596617069095
482;480;0.173583478666842
482;534;0.161139116017148
482;906;0.180119660496712
482;915;0.117217882303521
482;957;0.166196209518239
483;56;0.0698284147772938
483;150;0.173931877082214
483;217;0.0681937554851174
483;359;0.187376006366685
483;368;0.0822055488359183
483;376;0.164197120303288
483;563;0.0585073511116207
484;173;0.160075283190236
484;286;0.0422131900675595
484;323;0.15998872150667
484;440;0.161474633635953
484;544;0.117155238613486
484;662;0.110431139357388
484;948;0.197713981708512
485;94;0.148525054380298
485;206;0.0601325445342809
485;314;0.138145398162305
485;693;0.0380248862318695
485;713;0.149957522703335
485;935;0.160798529209569
485;991;0.159561304468662
486;326;0.0504693515133113
486;382;0.0953394572250545
486;461;0.132913775602356
486;790;0.188672368181869
486;816;0.157745459955186
486;852;0.19751020912081
486;877;0.127735394146293
487;245;0.0176354484632611
487;299;0.0528935061302036
487;510;0.0534579255152494
487;536;0.151030773296952
487;899;0.186926264548674
487;912;0.0919537065550685
487;960;0.134537167428061
487;991;0.164629032835364
488;421;0.177665507327765
488;511;0.065925379563123
488;554;0.0676171007566154
488;691;0.134615837270394
488;713;0.0852690452709794
488;855;0.0289675770327449
488;874;0.0778693279251456
488;979;0.156972642056644
489;406;0.091756950924173
489;549;0.103669872554019
489;557;0.092362339515239
489;657;0.0588465993758291
489;890;0.175648347241804
489;953;0.102746275020763
489;962;0.113856418523937
489;981;0.0399480549152941
490;97;0.160145944356918
490;155;0.0685106532648206
490;262;0.163879653811455
490;325;0.121048198733479
490;685;0.0695119510404766
490;749;0.126386417774484
490;932;0.164875032706186
490;946;0.182670317264274
491;264;0.0774266364984214
491;328;0.198896187590435
491;362;0.1487723486498
491;415;0.0235511080361903
491;500;0.0214650399051607
491;870;0.00456465100869536
491;942;0.0451675218064338
491;972;0.155621738545597
492;221;0.134084323886782
492;277;0.172395308595151
492;414;0.0966871676500887
492;636;0.00860816426575184
492;645;0.0414696055464447
492;737;0.0114275114610791
492;770;0.167698600934818
492;804;0.172366457479075
493;163;0.153266036044806
493;222;0.0467525294050574
493;461;0.133900151681155
493;569;0.0293592804577202
493;614;0.0878070143051446
493;651;0.117779363784939
493;655;0.0695516688283533
493;920;0.112222727388144
494;102;0.0565004617907107
494;230;0.199462794605643
494;263;0.119218697864562
494;416;0.0849111210554838
494;435;0.163910097815096
494;811;0.0532385621219873
494;882;0.199966030614451
494;886;0.141930050915107
495;207;0.106085639121011
495;234;0.0890795247163624
495;258;0.136759019177407
495;293;0.0977778811473399
495;563;0.110049817152321
495;751;0.177410237165168
495;887;0.183222181536257
495;967;0.0348507524468005
496;266;0.108070274675265
496;343;0.0124751333612949
496;412;0.046756726782769
496;614;0.0945009992457926
496;672;0.174101418117061
496;739;0.014208727190271
496;741;0.0195417860988528
496;850;0.170871871802956
497;17;0.0368572349660099
497;53;0.0681890407111496
497;67;0.0525577113032341
497;180;0.0918131330516189
497;347;0.115691449819133
497;829;0.126387267978862
497;830;0.0136992927640677
497;838;0.186101693473756
498;212;0.107712554931641
498;360;0.152545849606395
498;555;0.0334577773697674
498;572;0.138378655957058
498;585;0.151581556582823
498;685;0.185942753590643
498;830;0.111949864309281
498;999;0.149779792455956
499;128;0.0679832586087287
499;434;0.00116397864185274
499;524;0.0759658555034548
499;527;0.114504255633801
499;618;0.114901664247736
499;682;0.160305502545089
499;893;0.0418257048353553
499;924;0.0507266910281032
500;229;0.170525159640238
500;491;0.0338151947595179
500;620;0.188941679755226
500;647;0.189888404915109
500;682;0.177050595358014
500;710;0.039474016148597
500;846;0.0705671350937337
500;942;0.0542393571231514
501;260;0.0903854146134108
501;384;0.0199704198632389
501;385;0.125231049256399
501;408;0.0239097320474684
501;618;0.0608931720722467
501;657;0.00343229440040886
501;705;0.0767681246157736
501;739;0.0667346380650997
502;151;0.0485331369563937
502;164;0.189600167376921
502;208;0.140220364602283
502;637;0.0374947009142488
502;768;0.184634051658213
502;878;0.0543336154893041
502;914;0.0625002583954483
502;983;0.1490043298807
503;74;0.0916075787506998
503;171;0.130027207965031
503;627;0.106858510663733
503;724;0.128249998716638
503;809;0.166444624261931
503;929;0.0417447471991181
503;938;0.132193118473515
503;981;0.140034620231017
504;274;0.0959496941417456
504;515;0.01763083525002
504;600;0.185851895296946
504;765;0.119604584993795
504;799;0.0116077184211463
504;842;0.056190471444279
504;903;0.0392604537308216
504;964;0.19732436882332
505;140;0.096146206650883
505;421;0.00297724828124046
505;427;0.145320807024837
505;590;0.0215976317413151
505;625;0.0898157874587923
505;789;0.0260458478238434
505;912;0.0259105902630836
505;938;0.0420868989080191
506;203;0.0724931843113154
506;206;0.0443295888602734
506;248;0.145858055725694
506;469;0.0813802895136178
506;563;0.172976520564407
506;705;0.145332342153415
506;899;0.0670395325869322
506;943;0.0501851211767644
507;228;0.190755612030625
507;237;0.0841366274282336
507;344;0.0633463951293379
507;578;0.0783967233728617
507;593;0.130842647235841
507;907;0.168817477906123
507;916;0.0579148821532726
507;967;0.0490573087707162
508;254;0.0142761444672942
508;480;0.0835711358115077
508;583;0.18512366078794
508;679;0.09220982324332
508;732;0.120787658030167
508;861;0.127417612448335
508;970;0.0850268051028252
508;976;0.181352349836379
509;24;0.0847655639518052
509;220;0.0322824093513191
509;351;0.00526035563088954
509;436;0.0831120688468218
509;665;0.174956381507218
509;727;0.190778358280659
509;914;0.0645079250913113
509;985;0.0717805727384985
510;420;0.190372653771192
510;480;0.191507098730654
510;487;0.170325289806351
510;611;0.0751693380065262
510;656;0.118260808149353
510;722;0.167560277692974
510;776;0.103938515903428
510;807;0.151170949358493
511;385;0.0755078909453005
511;394;0.00670849140733481
511;407;0.0593904352281243
511;488;0.186386395571753
511;523;0.137475263979286
511;610;0.182932415278628
511;735;0.0449986234307289
511;874;0.180049369903281
512;19;0.0913422650657594
512;255;0.0441650157328695
512;760;0.170637435372919
512;838;0.150238509383053
512;879;0.139413401950151
512;888;0.0883903889451176
512;940;0.0331717607565224
512;961;0.197456238418818
513;78;0.164718361152336
513;198;0.0724082659929991
513;641;0.175561859644949
513;679;0.157631086371839
513;699;0.19777698488906
513;754;0.110370416752994
513;901;0.186802129354328
513;952;0.0441160686779767
514;43;0.131838645786047
514;222;0.162981901178136
514;393;0.192022220324725
514;872;0.127064383774996
514;888;0.103712408198044
514;890;0.0171496000140905
514;906;0.185497248591855
514;959;0.126446541352198
515;96;0.164399699354544
515;439;0.167422777460888
515;504;0.0161607698537409
515;593;0.0118474965449423
515;727;0.185077718039975
515;746;0.0573348774109036
515;765;0.197929943213239
515;879;0.196060998924077
516;305;0.1213669906836
516;560;0.0168869112152606
516;673;0.13011792851612
516;688;0.0338884206023067
516;731;0.0903410797938705
516;822;0.0379680850543082
516;831;0.177060044649988
516;914;0.184553610067815
517;109;0.186934142792597
517;264;0.0527042012196034
517;349;0.174988028313965
517;426;0.0645521297119558
517;571;0.145833427691832
517;875;0.00883735395036638
517;918;0.115460407920182
517;942;0.0052970361430198
518;73;0.179024226451293
518;92;0.159475904749706
518;545;0.166320843435824
518;606;0.127019900595769
518;622;0.188415335072204
518;645;0.0204950762912631
518;724;0.17082241056487
518;773;0.028175340173766
519;116;0.099854999454692
519;311;0.0589894451200962
519;556;0.0230341457296163
519;608;0.15595021918416
519;788;0.173174551175907
519;865;0.00418369797989726
519;889;0.0324967376887798
519;979;0.0952467227354646
520;116;0.0652486937586218
520;145;0.102829578472301
520;289;0.158181166136637
520;557;0.0727550157345831
520;715;0.188108715927228
520;813;0.12963260281831
520;894;0.150464059831575
520;931;0.166155132139102
521;318;0.198202035250142
521;363;0.124794768635184
521;376;0.183213346963748
521;468;0.0919927694834769
521;610;0.120458957832307
521;727;0.172050521057099
521;871;0.132275323756039
521;956;0.0725151828490198
522;176;0.164138448145241
522;241;0.196124068833888
522;314;0.0484563095960766
522;531;0.199535199161619
522;542;0.139717986248434
522;582;0.175422267243266
522;924;0.0674156635534018
522;930;0.135827527893707
523;155;0.0804815037176013
523;255;0.0871884228195995
523;276;0.0646802317816764
523;459;0.0685309992171824
523;511;0.187117958674207
523;568;0.1471737628337
523;726;0.0262391349766403
523;921;0.118699801387265
524;19;0.0661515735089779
524;100;0.173182412330061
524;499;0.147680721525103
524;566;0.196218238025904
524;749;0.145119517063722
524;787;0.158117985492572
524;877;0.00604828614741564
524;893;0.112280240375549
525;178;0.044298076396808
525;270;0.0259511810727417
525;286;0.101373327430338
525;434;0.0152320282999426
525;579;0.0784681537654251
525;582;0.0127719155047089
525;926;0.0446378615684807
525;972;0.171223267307505
526;212;0.00751057239249349
526;365;0.177026580134407
526;611;0.125905181607231
526;620;0.192608074843884
526;692;0.0455157969146967
526;710;0.119535340648144
526;787;0.0732506552245468
526;805;0.126329939626157
527;151;0.168691457947716
527;278;0.181185059109703
527;285;0.0717995794024319
527;499;0.0657740829046816
527;618;0.00722684799693525
527;694;0.178809045534581
527;810;0.0470786626916379
527;984;0.178036340745166
528;113;0.0155754352454096
528;152;0.0388757937122136
528;260;0.0152754330076277
528;471;0.1423442018684
528;540;0.0483304711058736
528;729;0.158946955529973
528;804;0.100496646761894
528;961;0.0564979752525687
529;221;0.174170744977891
529;326;0.00660467846319079
529;538;0.0973163852468133
529;539;0.17530544125475
529;841;0.145337865082547
529;872;0.0361186635680497
529;876;0.18396537671797
529;994;0.0122143290005624
530;212;0.110852227872238
530;239;0.197606721846387
530;700;0.198552468791604
530;703;0.142647091858089
530;730;0.17386085158214
530;789;0.105697898799554
530;928;0.00061333323828876
530;970;0.00707718459889293
531;262;0.133184728957713
531;353;0.157823733566329
531;522;0.056751756509766
531;562;0.0308106711599976
531;582;0.0954739259090275
531;820;0.182938156835735
531;896;0.0912336923182011
531;990;0.136372810276225
532;40;0.198439079942182
532;424;0.0920959908049554
532;537;0.125882923137397
532;653;0.0677592263557017
532;708;0.0311992124654353
532;850;0.142269121995196
532;857;0.139428640436381
532;963;0.0456353307701647
533;128;0.156822233879939
533;265;0.0108552656602114
533;478;0.170021938718855
533;624;0.156923154741526
533;720;0.0945256247650832
533;762;0.184758958080783
533;829;0.00342254210263491
533;969;0.174459337675944
534;11;0.0362294649705291
534;138;0.17321759108454
534;233;0.119589778361842
534;378;0.0548578504472971
534;482;0.187612419342622
534;568;0.195545881614089
534;783;0.0363068271894008
534;788;0.0279357412364334
535;16;0.0952421402093023
535;238;0.112851290497929
535;307;0.156038904702291
535;472;0.00759532526135445
535;561;0.0748032965697348
535;814;0.0152840076945722
535;817;0.0503871474880725
535;953;0.0393552648834884
536;325;0.182420591311529
536;487;0.178043519658968
536;604;0.0254345319699496
536;704;0.0324688992928714
536;740;0.0734394279308617
536;781;0.000811546016484499
536;808;0.190905683394521
536;968;0.0380578191485256
537;13;0.0291549646295607
537;181;0.162699711043388
537;274;0.0295010878704488
537;387;0.0198588917963207
537;532;0.0934829543810338
537;671;0.0677299059461802
537;771;0.0831163414753974
537;989;0.107922213571146
538;325;0.0392230813391507
538;339;0.136741572991014
538;529;0.188301458302885
538;616;0.0351716808974743
538;755;0.123040382424369
538;829;0.15556624638848
538;870;0.171962052443996
538;876;0.0769563335459679
539;241;0.177348786173388
539;420;0.0406040150672197
539;429;0.0651028969325125
539;529;0.132429979369044
539;600;0.166423220187426
539;697;0.116132901841775
539;756;0.182785739423707
539;904;0.13937082416378
540;103;0.111822881596163
540;247;0.0518135203979909
540;528;0.177543489122763
540;549;0.146554399188608
540;607;0.0740572869312018
540;736;0.138746302807704
540;743;0.000801200699061155
540;757;0.0772843928076327
541;11;0.111208897503093
541;86;0.135423128167167
541;379;0.151626539416611
541;446;0.00947370091453195
541;472;0.129825931694359
541;729;0.0405500570312142
541;869;0.0863889144733548
541;897;0.0942479474935681
542;66;0.0628352717962116
542;189;0.0462623781524599
542;340;0.0721916920971125
542;522;0.00721451980061829
542;548;0.149444941570982
542;575;0.0434546987060457
542;713;0.0222167222760618
542;728;0.115418671863154
543;177;0.105761826084927
543;234;0.177968310145661
543;676;0.134231094270945
543;799;0.0541913856286556
543;817;0.16310192537494
543;837;0.000944667309522629
543;872;0.0761804377194494
543;912;0.0263008863199502
544;97;0.0846644999925047
544;320;0.0765944495797157
544;321;0.167945663770661
544;468;0.0821388146374375
544;484;0.060065196827054
544;655;0.014261118741706
544;882;0.0547462523914874
544;918;0.0389797761105001
545;283;0.0452098582871258
545;388;0.128248348459601
545;518;0.132737931795418
545;609;0.0328006081748754
545;767;0.056046586483717
545;796;0.0983671138528734
545;844;0.140155770350248
545;873;0.0318691760767251
546;144;0.122632460528985
546;297;0.0834537878166884
546;299;0.115188208781183
546;701;0.160159203503281
546;737;0.103507843473926
546;780;0.136899111606181
546;809;0.0311713937669992
546;993;0.0505565243773162
547;323;0.0357881007250398
547;548;0.0558098410256207
547;593;0.0257217516191304
547;702;0.0526004275772721
547;811;0.100545367971063
547;887;0.194053909508511
547;913;0.0349934162106365
547;986;0.160659753298387
548;542;0.0253765502013266
548;547;0.0162167721427977
548;595;0.194330189749599
548;643;0.127070742240176
548;789;0.0232050063554198
548;826;0.107943358737975
548;906;0.0834894608240575
548;974;0.190446568559855
549;311;0.0649817209225148
549;489;0.183042158465832
549;540;0.0556314498651773
549;603;0.0199791519902647
549;799;0.188238403340802
549;866;0.145930412178859
549;914;0.16492701494135
549;988;0.177250253455713
550;18;0.106503941118717
550;205;0.0664548308588564
550;363;0.173036008328199
550;683;0.0867824503686279
550;770;0.123500415310264
550;861;0.099597620870918
550;922;0.109598386613652
550;973;0.159014733415097
551;64;0.160001179482788
551;199;0.126906034490094
551;350;0.194281767867506
551;562;0.0873708726838231
551;574;0.151630340656266
551;651;0.109954231604934
551;964;0.114000672847033
551;968;0.0850459842011333
552;79;0.0956243693828583
552;183;0.187794495839626
552;212;0.00448967101983726
552;219;0.156320626288652
552;377;0.189901273185387
552;555;0.178677435405552
552;862;0.136148109706119
552;933;0.18760607810691
553;62;0.0354114216286689
553;164;0.0211680203676224
553;229;0.0752217456232756
553;378;0.144907590653747
553;480;0.00869185565970838
553;563;0.0393237109761685
553;777;0.00367983710020781
553;859;0.169570834515616
554;41;0.0273102051112801
554;126;0.0410880854353309
554;224;0.190999090438709
554;322;0.0409484465606511
554;488;0.161569818062708
554;575;0.0569113445933908
554;718;0.0363475386053324
554;798;0.181115081626922
555;354;0.190861804084852
555;498;0.0136059072334319
555;552;0.0572068889625371
555;580;0.172434092964977
555;630;0.19559057536535
555;791;0.178792717680335
555;900;0.066349724214524
555;973;0.0834203435573727
556;75;0.0690201449207962
556;240;0.163318743696436
556;519;0.093004435999319
556;566;0.0904122082982212
556;645;0.168596730846912
556;821;0.184555557044223
556;900;0.0149335281923413
556;940;0.0634578036610037
557;156;0.0149595983326435
557;336;0.0835561906453222
557;489;0.197360437270254
557;520;0.105282997107133
557;720;0.00390796712599695
557;848;0.185814493801445
557;980;0.0376796756871045
557;987;0.0725006357301027
558;113;0.16439081421122
558;367;0.110308891255409
558;452;0.0187797043472528
558;622;0.0401182651519775
558;925;0.0708678261842579
558;926;0.023378587141633
558;944;0.134394993120804
558;1000;0.0634536437224597
559;218;0.130349788442254
559;245;0.191991251241416
559;410;0.166097881272435
559;698;0.0747631951700896
559;702;0.00265214340761304
559;840;0.173262454103678
559;978;0.0264014590065926
559;982;0.108892224356532
560;102;0.00459138862788677
560;214;0.0551812001038343
560;266;0.182577870506793
560;464;0.198323325626552
560;516;0.114555648854002
560;736;0.00986835812218487
560;920;0.0248726397287101
560;978;0.192270036973059
561;229;0.18756147925742
561;337;0.0420335696544498
561;535;0.0687553437892348
561;638;0.0650155189912766
561;640;0.0667853173334152
561;708;0.00737127978354692
561;709;0.0806321776006371
561;947;0.02256197524257
562;71;0.0974583195056766
562;86;0.180303001077846
562;352;0.119049610337242
562;531;0.100696640415117
562;551;0.166165625490248
562;590;0.101863038213924
562;744;0.11640114299953
562;820;0.113165468163788
563;326;0.0282117604743689
563;483;0.117211928684264
563;495;0.032376215653494
563;506;0.0720127980224788
563;553;0.04939034874551
563;596;0.0164500302635133
563;716;0.108461679005995
563;722;0.0216749276965857
564;78;0.176534196129069
564;141;0.0128596380818635
564;294;0.0498226047959179
564;377;0.0566316369455308
564;433;0.121579777402803
564;724;0.0577528532128781
564;868;0.11574741047807
564;911;0.0706430841237307
565;147;0.186385500943288
565;199;0.0219648432917893
565;261;0.178989991825074
565;399;0.0205616362392902
565;449;0.180660705873743
565;462;0.0755320910364389
565;635;0.119522910611704
565;932;0.049689051695168
566;72;0.0734176045749337
566;268;0.181699045980349
566;524;0.177935653273016
566;556;0.143109328811988
566;598;0.028951759589836
566;692;0.0945992661640048
566;730;0.143091176822782
566;752;0.0779510752297938
567;220;0.108549709897488
567;603;0.013370844302699
567;646;0.0901139970403165
567;678;0.145476639596745
567;738;0.095257514808327
567;847;0.131366710411385
567;860;0.0361823929473758
567;994;0.197036340972409
568;355;0.047610871354118
568;523;0.0676959654316306
568;534;0.116257802722976
568;605;0.119911374989897
568;670;0.0124874125234783
568;925;0.160538815520704
568;945;0.1256363093853
568;999;0.126101937796921
569;204;0.0681714393664151
569;341;0.0288164522964507
569;394;0.18284813943319
569;493;0.0940609555225819
569;811;0.161288079293445
569;821;0.0655938287265599
569;907;0.0275062597822398
569;996;0.0997656317427754
570;341;0.0992711029481143
570;721;0.137111439043656
570;744;0.04276401582174
570;784;0.0204166922718287
570;852;0.163970258273184
570;929;0.119208249775693
570;962;0.155819186102599
570;992;0.0281018227804452
571;142;0.100388060882688
571;295;0.0422153670806438
571;343;0.0821076044347137
571;457;0.081354820728302
571;517;0.197559915715829
571;585;0.0805184589698911
571;715;0.114076156634837
571;923;0.0130822876933962
572;14;0.103636789927259
572;459;0.105381525913253
572;498;0.12548299562186
572;587;0.0268143976572901
572;608;0.0215799441561103
572;665;0.166416911548004
572;725;0.114767642924562
572;778;0.0628562633413822
573;2;0.147710637561977
573;41;0.114970364002511
573;165;0.0662568079307675
573;596;0.149874865310267
573;773;0.00251477337442338
573;868;0.0778758081141859
573;887;0.0692052535712719
573;956;0.122732079029083
574;118;0.0484733088873327
574;223;0.103178054373711
574;304;0.189017375232652
574;551;0.0936241512652487
574;599;0.077364916773513
574;638;0.0932009909767658
574;894;0.12309633125551
574;978;0.185072919959202
575;163;0.0107091482263058
575;179;0.102255598502234
575;340;0.145394633151591
575;542;0.0208793133031577
575;554;0.0094925893470645
575;669;0.155025124875829
575;722;0.167166710598394
575;885;0.105933308275416
576;202;0.00307343793101609
576;231;0.121449009468779
576;266;0.0366041909437627
576;479;0.197975198412314
576;680;0.0561658993829042
576;787;0.154746036976576
576;912;0.0656999371945858
576;968;0.0464283717330545
577;108;0.154812271194533
577;297;0.0599375848658383
577;326;0.0846264956053346
577;471;0.184291792986915
577;702;0.059529266320169
577;707;0.124381411774084
577;745;0.00499144783243537
577;789;0.0500844709109515
578;61;0.119457513140515
578;132;0.101613370841369
578;148;0.00161960809491575
578;194;0.109643838368356
578;450;0.15044155754149
578;507;0.123614767612889
578;837;0.128468974307179
578;881;0.081030445266515
579;53;0.0225190514232963
579;117;0.141939203394577
579;388;0.189051645621657
579;525;0.0953206324484199
579;779;0.135433606477454
579;783;0.138628644775599
579;793;0.0199293391779065
579;808;0.13662082683295
580;149;0.155573214916512
580;252;0.150485828425735
580;399;0.0680175872985274
580;555;0.0424747250042856
580;690;0.0476250564679503
580;715;0.170795663865283
580;731;0.151766753336415
580;884;0.144504605373368
581;120;0.0627617084886879
581;257;0.173263031616807
581;308;0.0208566010463983
581;465;0.10210553444922
581;481;0.15101978937164
581;591;0.0704981258139014
581;941;0.0780472350306809
581;945;0.0343225873541087
582;206;0.0343877958599478
582;355;0.05536949634552
582;522;0.0366503287572414
582;525;0.052921109739691
582;531;0.08308060541749
582;884;0.139054779103026
582;904;0.13380956496112
582;982;0.0345602601766586
583;89;0.141232883790508
583;276;0.195419961819425
583;294;0.0752543238457292
583;508;0.0813818896654993
583;634;0.118072653189301
583;709;0.0584385882597417
583;782;0.170453309547156
583;888;0.0558696694206446
584;39;0.0394246543291956
584;279;0.0317162990570068
584;412;0.00618870439939201
584;424;0.125202436512336
584;609;0.0201692697126418
584;622;0.132579050818458
584;725;0.104778159456328
584;896;0.146505936980247
585;202;0.168976628221571
585;287;0.196648684795946
585;347;0.164595650369301
585;498;0.193917445465922
585;571;0.0975628941319883
585;663;0.152789089875296
585;684;0.168235868075863
585;688;0.0427457217127085
586;154;0.152959970757365
586;348;0.0162747618742287
586;473;0.0658501124940813
586;609;0.0874212456867099
586;621;0.0537507281638682
586;797;0.158409599633887
586;799;0.155867494922131
586;981;0.0705305740237236
587;170;0.0715870418585837
587;430;0.197805732116103
587;572;0.175081848632544
587;828;0.0532890446018428
587;832;0.0804863221012056
587;911;0.113409291394055
587;969;0.0804746255278587
587;977;0.0883912780787796
588;25;0.0560086846817285
588;36;0.0558631034567952
588;437;0.14543690122664
588;455;0.0814226628281176
588;459;0.184214420756325
588;741;0.019501122739166
588;799;0.111585746565834
588;823;0.069926276570186
589;110;0.0761498124804348
589;175;0.052269513392821
589;244;0.148238423652947
589;481;0.198103191331029
589;693;0.163982295617461
589;827;0.0445847620721906
589;836;0.141113910218701
589;850;0.112270820932463
590;209;0.110829859832302
590;505;0.0840573898982257
590;562;0.0772967801429331
590;760;0.140542564867064
590;763;0.0296601986512542
590;791;0.118853160738945
590;862;0.00923930797725916
590;905;0.0688724968116731
591;391;0.159707327652723
591;581;0.0327344217803329
591;617;0.169723599543795
591;692;0.154112257855013
591;859;0.0226568921469152
591;919;0.0393398265819997
591;944;0.0091241680085659
591;983;0.0112367917317897
592;25;0.142220005113632
592;329;0.0945418589748442
592;429;0.11508146901615
592;431;0.1634840503335
592;471;0.0406903309281915
592;472;0.132842928916216
592;707;0.118939903145656
592;947;0.115492264321074
593;31;0.0207174615934491
593;282;0.143267870973796
593;342;0.0354035261552781
593;362;0.149413232365623
593;403;0.0529059093445539
593;507;0.103746275557205
593;515;0.0630462369415909
593;547;0.160596983414143
594;85;0.178656054567546
594;626;0.0626748071517795
594;636;0.0479201999492943
594;678;0.105991380428895
594;705;0.118704039929435
594;727;0.068713288474828
594;774;0.190335551463068
594;931;0.155203949520364
595;109;0.110471940273419
595;156;0.10922299255617
595;244;0.0221850376576185
595;314;0.165099764661863
595;365;0.184855097997934
595;548;0.020535096898675
595;901;0.175744755705819
595;949;0.157386005064473
596;456;0.189913858892396
596;563;0.142666225880384
596;573;0.0285966898314655
596;688;0.0273240367416292
596;690;0.132272492302582
596;714;0.0823910429142416
596;908;0.0367211999371648
596;961;0.143546817079186
597;82;0.0684686244931072
597;123;0.101208801567554
597;335;0.160416746279225
597;422;0.198733681673184
597;453;0.156205872679129
597;630;0.109059411659837
597;695;0.151769804628566
597;986;0.184540158649907
598;211;0.189116018544883
598;348;0.12108378414996
598;410;0.142098685540259
598;566;0.0781354650389403
598;660;0.112942349072546
598;802;0.0306336557026953
598;823;0.0489940216299146
598;956;0.0235973072238266
599;210;0.112863966124132
599;280;0.167014184128493
599;369;0.0601496588438749
599;574;0.0412463323678821
599;610;0.0902894959785044
599;736;0.0471308422274888
599;742;0.113797164242715
599;783;0.11000983514823
600;196;0.154901810875162
600;258;0.108991930866614
600;339;0.157342005567625
600;345;0.198288060072809
600;448;0.176154676359147
600;504;0.159454702353105
600;539;0.00480085890740156
600;961;0.0739003617782146
601;80;0.174448569957167
601;380;0.0511239571962506
601;683;0.136877472233027
601;707;0.167835060600191
601;732;0.0663089016918093
601;856;0.156677839905024
601;921;0.0565460046753287
601;941;0.00788612952455878
602;28;0.0475147485267371
602;41;0.0493630091659725
602;184;0.199977865302935
602;226;0.0922437531873584
602;259;0.0182893205899745
602;373;0.139452528906986
602;446;0.101775569329038
602;808;0.196897938614711
603;219;0.196957177994773
603;380;0.0173204321879894
603;449;0.145491245668381
603;549;0.134369281027466
603;567;0.0302059947513044
603;777;0.0675781125202775
603;790;0.0673809369560331
603;846;0.0409515265375376
604;288;0.0667630998417735
604;354;0.194368129875511
604;356;0.174678535526618
604;374;0.17030607201159
604;536;0.0778738777153194
604;660;0.128794345539063
604;854;0.0132844186853617
604;902;0.043817623751238
605;151;0.137258628103882
605;239;0.087971699424088
605;436;0.180265040555969
605;568;0.169138936512172
605;670;0.159474462736398
605;844;0.0519600300118327
605;915;0.0821536606643349
605;932;0.021131275780499
606;249;0.187739471392706
606;346;0.159841995313764
606;407;0.0156220270786434
606;518;0.0810615729540586
606;675;0.0573457082267851
606;797;0.0959766189102084
606;836;0.174477467825636
606;857;0.088881033891812
607;221;0.116705430764705
607;270;0.112138313381001
607;540;0.0504303638357669
607;627;0.107231846265495
607;741;0.0238336871843785
607;765;0.12135793985799
607;862;0.180972605198622
607;995;0.19630542723462
608;23;0.161478165909648
608;176;0.123098117113113
608;519;0.0805194595362991
608;572;0.191370506770909
608;626;0.0634768140967935
608;628;0.0310809841379523
608;958;0.16582870981656
608;982;0.0735807786695659
609;267;0.022483608732
609;322;0.00926863588392735
609;545;0.189052753895521
609;584;0.056264541298151
609;586;0.027024721680209
609;725;0.167515814630315
609;889;0.0313748450484127
609;980;0.0128788431175053
610;155;0.181380906980485
610;268;0.147732960898429
610;340;0.171198646444827
610;511;0.0917716304305941
610;521;0.0124528165906668
610;599;0.0215504643507302
610;691;0.0371511065401137
610;954;0.0932919112499803
611;132;0.0561741169076413
611;205;0.137187721114606
611;279;0.019640582241118
611;348;0.0356927989982069
611;396;0.0584238372277468
611;510;0.102231330331415
611;526;0.0913165731821209
611;882;0.116387654235587
612;84;0.00823535518720746
612;100;0.117060047015548
612;320;0.150786956259981
612;389;0.17698106104508
612;407;0.168241471610963
612;462;0.171656126156449
612;649;0.0232755143195391
612;830;0.173593456717208
613;37;0.193179593933746
613;216;0.101054757181555
613;284;0.126704038167372
613;362;0.0722822852432728
613;653;0.0371534379199147
613;728;0.0956265745684505
613;744;0.127139347884804
613;843;0.168547307606786
614;95;0.154423601785675
614;467;0.00474876025691628
614;493;0.173680163593963
614;496;0.127849243488163
614;751;0.0648119411896914
614;922;0.171337264496833
614;927;0.110364365717396
614;982;0.00160096441395581
615;54;0.0480562148615718
615;83;0.177083302801475
615;154;0.191253947326913
615;430;0.182760828267783
615;690;0.124773342953995
615;745;0.033931966451928
615;763;0.0864761241711676
615;776;0.156205269368365
616;113;0.00214192476123571
616;121;0.00383620457723737
616;126;0.0969885469414294
616;357;0.00428468226455152
616;538;0.0732255444861949
616;624;0.187728371331468
616;898;0.186772141372785
616;982;0.193418710259721
617;169;0.151416392112151
617;392;0.168392837047577
617;591;0.0451851361431181
617;665;0.126110567431897
617;831;0.0540030485484749
617;951;0.0596434696111828
617;977;0.182668351801112
617;994;0.145524530345574
618;469;0.0842554582282901
618;499;0.140783123904839
618;501;0.125959197338671
618;527;0.168407923262566
618;674;0.101652786321938
618;758;0.179795821942389
618;950;0.170845234068111
618;955;0.123852874524891
619;90;0.060230499971658
619;173;0.162756502442062
619;235;0.0763915315270424
619;756;0.0486793350428343
619;762;0.00753962793387473
619;819;0.0643836088012904
619;881;0.0341529573313892
619;951;0.172384937200695
620;46;0.114877711329609
620;185;0.149183984287083
620;500;0.0941876598168165
620;526;0.0496583113912493
620;671;0.126292214309797
620;690;0.00618045823648572
620;748;0.0818641221616417
620;823;0.14183130338788
621;226;0.0326441158540547
621;315;0.113963032560423
621;423;0.0394613035023212
621;586;0.0514660470653325
621;711;0.192797841178253
621;760;0.142894643079489
621;868;0.196217781910673
621;946;0.161708507360891
622;246;0.0529095662292093
622;476;0.0265437342692167
622;518;0.128928565606475
622;558;0.148409824119881
622;584;0.0567574996966869
622;679;0.13481045733206
622;794;0.0601871304214001
622;872;0.0509688013698906
623;101;0.0653925524558872
623;133;0.131927127251402
623;196;0.147271641017869
623;205;0.0416546857915819
623;348;0.119520574947819
623;365;0.191129840537906
623;761;0.0486793744377792
623;853;0.170084019610658
624;8;0.00606579477898777
624;157;0.186589880753309
624;421;0.166539569012821
624;533;0.0600818878505379
624;616;0.133438931824639
624;818;0.0361877495888621
624;876;0.148264674376696
624;992;0.165427484270185
625;56;0.182343427184969
625;269;0.0902116143144667
625;352;0.0336458846461028
625;355;0.0390272519085556
625;359;0.124568536132574
625;472;0.138056479534134
625;505;0.0976353929378092
625;744;0.188572351261973
626;83;0.0535469523165375
626;594;0.110918261669576
626;608;0.0165239380206913
626;689;0.0218496941961348
626;731;0.0530832627322525
626;801;0.0287061387207359
626;848;0.0267316181212664
626;861;0.166416049189866
627;95;0.063412682665512
627;205;0.152815147442743
627;251;0.0310022752732039
627;503;0.0158961715642363
627;607;0.177776430966333
627;794;0.147444031015039
627;860;0.0536713522393256
627;862;0.0747355311643332
628;24;0.0613222875166684
628;184;0.12135704671964
628;418;0.0251444966066629
628;608;0.151938735041767
628;772;0.113066470716149
628;900;0.0198129335884005
628;924;0.154843041999266
628;997;0.101732761552557
629;123;0.0685631660278887
629;371;0.00438066646456718
629;659;0.160507284477353
629;690;0.157899500289932
629;797;0.018168964702636
629;816;0.143372792284936
629;909;0.0983350379392505
629;924;0.0350422068499029
630;287;0.087397080892697
630;295;0.0882965825963765
630;358;0.149775733007118
630;442;0.184181769704446
630;555;0.0849612578749657
630;597;0.169897074019536
630;673;0.127645652741194
630;917;0.114409642340615
631;195;0.00394664597697556
631;203;0.00571547960862517
631;245;0.0324451909400523
631;388;0.0799116279464215
631;397;0.190146294701844
631;842;0.0845899165142328
631;872;0.112107789888978
631;902;0.0105058741290122
632;116;0.0656845421530306
632;381;0.00745078269392252
632;467;0.0143139167688787
632;750;0.0437801973894238
632;752;0.0118911548051983
632;767;0.102155021717772
632;895;0.0202067929785699
632;959;0.139706996455789
633;44;0.134907116461545
633;116;0.0113486392423511
633;195;0.0101993310730904
633;386;0.156278395093977
633;711;0.0668745760805905
633;786;0.0166598894167691
633;948;0.0336251421831548
633;989;0.0302472813986242
634;241;0.0785339033231139
634;583;0.0125698762014508
634;640;0.0196016674395651
634;676;0.041799461375922
634;845;0.0756045988295227
634;864;0.10357696111314
634;884;0.17127878004685
634;999;0.150713418610394
635;138;0.186252442048863
635;253;0.12695768782869
635;381;0.0355260166805238
635;444;0.0015800706576556
635;565;0.167209975793958
635;737;0.0888328036293387
635;890;0.136708564450964
635;962;0.0699306389316916
636;492;0.0414394895546138
636;594;0.0718615890480578
636;676;0.0118697818834335
636;742;0.0833033276256174
636;767;0.079769350355491
636;917;0.14585858178325
636;965;0.179229939868674
636;978;0.190930073522031
637;101;0.0192670878022909
637;117;0.157784724282101
637;312;0.0461055608466268
637;374;0.118519401596859
637;502;0.0224824933800846
637;766;0.0165153266862035
637;831;0.0754104427993298
637;858;0.0332002608571202
638;193;0.0441436309367418
638;215;0.0239129839930683
638;391;0.117538812570274
638;561;0.0106805303134024
638;574;0.01705351639539
638;832;0.181350743724033
638;838;0.155267348792404
638;871;0.0776797557249665
639;194;0.133424710296094
639;309;0.180650540627539
639;398;0.156495292112231
639;458;0.0863514597062022
639;475;0.117850726516917
639;704;0.105660390574485
639;769;0.180424214946106
639;927;0.137119890097529
640;174;0.184984706901014
640;343;0.089508448028937
640;358;0.0322302415501326
640;453;0.180815463559702
640;472;0.0312097642570734
640;561;0.186011346476153
640;634;0.149626494990662
640;792;0.195228732656687
641;185;0.0415026569738984
641;257;0.0646878915838897
641;513;0.159910274716094
641;651;0.0424639363307506
641;725;0.122638546908274
641;764;0.145146458828822
641;815;0.1468767890241
641;968;0.0434700865764171
642;151;0.171718835877255
642;167;0.076647583488375
642;466;0.0285557053051889
642;803;0.0679384267888963
642;818;0.164369972841814
642;851;0.0653508921619505
642;855;0.00896037337370217
642;935;0.0815610839053988
643;69;0.146448301989585
643;130;0.0190546457655728
643;182;0.180655100150034
643;548;0.131928032357246
643;662;0.120050558587536
643;687;0.153510834975168
643;804;0.0881903367117047
643;806;0.10669213347137
644;277;0.13756917975843
644;446;0.191056180978194
644;808;0.150389978056774
644;827;0.136036380194128
644;834;0.0631542984861881
644;898;0.135891936998814
644;930;0.0972458702977747
644;998;0.0712455989792943
645;400;0.0663152694236487
645;462;0.025431608967483
645;492;0.0471375179477036
645;518;0.138786226371303
645;556;0.161797750741243
645;821;0.0295120083726943
645;877;0.0367459726054221
645;926;0.0897790883202106
646;160;0.00708152982406318
646;190;0.0258921618573368
646;225;0.147923315968364
646;478;0.0731607492547482
646;567;0.157017419394106
646;758;0.130330302147195
646;786;0.137647138303146
646;899;0.194265769422054
647;41;0.173046212363988
647;52;0.0902520794421434
647;424;0.162030243175104
647;500;0.108228751830757
647;839;0.00464328220114112
647;841;0.190793938795105
647;870;0.0418074513785541
647;985;0.14256628556177
648;219;0.173169819870964
648;276;0.0334512700792402
648;470;0.0496881993487477
648;813;0.10184662155807
648;825;0.184612095123157
648;842;0.051835922524333
648;857;0.0489884172566235
648;921;0.133959838934243
649;13;0.0662097503431141
649;217;0.090120700141415
649;612;0.0375306243076921
649;704;0.0625805434305221
649;719;0.0393047439400107
649;840;0.0584197318181396
649;857;0.13005759017542
649;954;0.0665934121701866
650;39;0.0798253933899105
650;177;0.0734569796361029
650;200;0.157341915322468
650;213;0.0751014523673803
650;362;0.198212236864492
650;756;0.0179556316230446
650;801;0.100988838728517
650;834;0.0129126297309995
651;16;0.0888386665843427
651;493;0.164158443687484
651;551;0.00307799032889307
651;641;0.149680170090869
651;706;0.127722930675372
651;747;0.0381475846283138
651;861;0.112676942255348
651;895;0.150281828874722
652;74;0.0315255902241915
652;398;0.110598721867427
652;406;0.0554886068683118
652;414;0.102309195604175
652;465;0.0965826415922493
652;834;0.0310998864006251
652;841;0.0102451236918569
652;928;0.195160942384973
653;417;0.109014698443934
653;421;0.0689401627052575
653;532;0.19208360305056
653;613;0.110749658243731
653;721;0.142830170225352
653;766;0.196831889403984
653;870;0.0878396334126592
653;891;0.100228885887191
654;171;0.189821952488273
654;272;0.162617394560948
654;300;0.0820554703474045
654;327;0.141664075385779
654;403;0.113498782785609
654;660;0.0256417309865355
654;874;0.0459367314819247
654;944;0.0352220705710352
655;281;0.0823441429995
655;306;0.17146264933981
655;493;0.0333265673834831
655;544;0.0598637802992016
655;881;0.00970079535618425
655;923;0.173011694708839
655;930;0.193947452213615
655;993;0.0417790178209543
656;270;0.0448320608586073
656;510;0.190480053564534
656;668;0.121073258202523
656;733;0.0529072910081595
656;737;0.025519194547087
656;738;0.134056237153709
656;757;0.19922476070933
656;868;0.0431255550589413
657;58;0.0466670363675803
657;459;0.0766366578172892
657;489;0.0765461560804397
657;501;0.169589859293774
657;789;0.117157098976895
657;921;0.0149752898141742
657;967;0.173130204202607
657;998;0.0630257039796561
658;86;0.185742224100977
658;323;0.11160258743912
658;414;0.132660112436861
658;428;0.1555584134534
658;778;0.00358635010197759
658;885;0.061919649457559
658;952;0.0209099686238915
658;977;0.0919055928941816
659;302;0.148142221756279
659;457;0.144314251095057
659;629;0.0107168556656688
659;669;0.00284377573989332
659;752;0.00556300934404135
659;798;0.0953646271955222
659;837;0.0481649800669402
659;919;0.171844387985766
660;44;0.138936281111091
660;114;0.190081777283922
660;408;0.0879184116143733
660;598;0.00487883249297738
660;604;0.185916801868007
660;654;0.0406811330933124
660;730;0.176400854904205
660;736;0.000388611992821097
661;51;0.0986349367070943
661;158;0.0137695926241577
661;241;0.102118516294286
661;242;0.167593851685524
661;351;0.171328505361453
661;436;0.13914662101306
661;726;0.191442445060238
661;919;0.05670699570328
662;484;0.0167433536145836
662;643;0.172194911912084
662;880;0.0565552763175219
662;889;0.167076281644404
662;899;0.0280239704530686
662;926;0.0936376837082207
662;939;0.128788136690855
662;975;0.120343401143327
663;20;0.182432307396084
663;177;0.122273668367416
663;314;0.0169933384750038
663;585;0.183199787326157
663;667;0.037813873635605
663;676;0.0611412508878857
663;730;0.0677968835923821
663;932;0.0243850316852331
664;196;0.033220801083371
664;208;0.124894663179293
664;346;0.0519199480302632
664;408;0.0697338989004493
664;804;0.0922371542081237
664;811;0.143076117243618
664;917;0.156740640569478
664;958;0.032818240346387
665;313;0.162596191093326
665;467;0.0428746823687106
665;509;0.10078433402814
665;572;0.196017855638638
665;617;0.194302353961393
665;677;0.0911972013302147
665;711;0.0795347881969065
665;936;0.00125624039210379
666;392;0.127708760369569
666;409;0.194139802735299
666;679;0.130370329041034
666;710;0.122256013285369
666;732;0.12624253584072
666;806;0.0453225323930383
666;852;0.084914418309927
666;964;0.148293830547482
667;5;0.113237903872505
667;77;0.0261814789846539
667;481;0.124742185045034
667;663;0.0700376986525953
667;712;0.13511440535076
667;810;0.0163996554445475
667;866;0.07172586992383
667;988;0.179190869489685
668;97;0.0812898123171181
668;184;0.0144396352116019
668;378;0.0567382698412985
668;440;0.0039540387224406
668;444;0.0738546158652753
668;656;0.188786247326061
668;809;0.198647518176585
668;903;0.0361797447316349
669;39;0.108315351698548
669;197;0.196580037148669
669;403;0.0593422160483897
669;454;0.0691326846368611
669;575;0.0306943077128381
669;659;0.112596557661891
669;855;0.179150773305446
669;928;0.0248498788569123
670;319;0.0650258046109229
670;434;0.0522893179673702
670;469;0.0351765744388104
670;568;0.193418028624728
670;605;0.126084089512005
670;846;0.0144622086547315
670;896;0.137710794107988
670;956;0.18322868947871
671;537;0.0644153408706188
671;620;0.0438027606811374
671;757;0.0958787938114256
671;766;0.17051581912674
671;820;0.185740054165944
671;851;0.122173871891573
671;864;0.0311400347854942
671;895;0.0018875113222748
672;39;0.0525993266142905
672;136;0.150146250845864
672;227;0.151554137608036
672;248;0.117622958635911
672;307;0.0704472511541098
672;463;0.106702415039763
672;496;0.126707670651376
672;812;0.153465023636818
673;74;0.00881944447755814
673;87;0.152992681832984
673;516;0.0176726939156652
673;630;0.0164316994138062
673;682;0.165853621484712
673;729;0.15337227974087
673;745;0.186206777999178
673;1000;0.0769898270256817
674;182;0.0202068045269698
674;209;0.025354642001912
674;291;0.0158503843937069
674;322;0.168014478962868
674;618;0.177968697855249
674;684;0.0897667266428471
674;686;0.0356844417285174
674;934;0.174831848917529
675;102;0.0350619526114315
675;123;0.188127956492826
675;134;0.17074190559797
675;461;0.0144941092468798
675;606;0.191530408896506
675;791;0.147223836602643
675;954;0.146087070507929
675;979;0.187679445557296
676;67;0.00508368788287044
676;369;0.110494531784207
676;543;0.0511979641392827
676;634;0.178319663740695
676;636;0.0641743345186114
676;663;0.0419566618744284
676;697;0.169555756729096
676;926;0.0240946596022695
677;106;0.0886082347016782
677;161;0.0200295014306903
677;238;0.177850457653403
677;665;0.162280114507303
677;743;0.150903193000704
677;764;0.00491442806087434
677;773;0.083415850577876
677;937;0.00600091274827719
678;131;0.197291839355603
678;452;0.194080787990242
678;567;0.0189777955412865
678;594;0.151256245281547
678;696;0.0673819945659488
678;805;0.0182446111924946
678;854;0.198724599229172
678;978;0.18867731327191
679;283;0.0623977518174797
679;320;0.0886973567306995
679;325;0.0578977313358337
679;388;0.0640066190622747
679;508;0.110318692214787
679;513;0.150244598835707
679;622;0.1149925427977
679;666;0.0447963574901223
680;167;0.0159524827264249
680;263;0.123518331069499
680;576;0.158426553569734
680;729;0.0753931939601898
680;749;0.0621114763431251
680;752;0.1129359790124
680;971;0.182443092297763
680;995;0.152494622720405
681;247;0.15590495201759
681;383;0.153571358462796
681;390;0.0872024047654122
681;401;0.0451729034539312
681;697;0.131629039952531
681;717;0.179159579379484
681;746;0.177822135668248
681;795;0.131600058730692
682;165;0.0317702072672546
682;220;0.133486889209598
682;272;0.155832294095308
682;287;0.130269637331367
682;362;0.0605294124688953
682;499;0.137072134902701
682;500;0.108171453187242
682;673;0.0212943124584854
683;43;0.156160483881831
683;203;0.0115907524712384
683;328;0.00852673575282097
683;550;0.082596217142418
683;601;0.178941245283932
683;805;0.0534102681558579
683;845;0.13861496434547
683;972;0.150812018010765
684;310;0.123808708461002
684;340;0.0178734323941171
684;585;0.00784032195806503
684;674;0.0325956388376653
684;789;0.14720343449153
684;896;0.0255784495268017
684;952;0.0127183225937188
684;979;0.0498813665937632
685;134;0.143237668136135
685;389;0.165358781861141
685;490;0.109157888172194
685;498;0.0469041020143777
685;815;0.0634841247461736
685;878;0.184412598982453
685;910;0.134340631356463
685;949;0.11062619863078
686;198;0.0960206969641149
686;215;0.167950420966372
686;392;0.00660932417958975
686;432;0.14702271274291
686;674;0.141233775997534
686;727;0.128134414553642
686;822;0.175461189821362
686;990;0.126404866343364
687;96;0.147613599523902
687;282;0.133070989651605
687;324;0.0943042757920921
687;463;0.127041708119214
687;643;0.128588528744876
687;814;0.0239863264374435
687;833;0.123582333466038
687;915;0.0915499262046069
688;110;0.0145840323995799
688;142;0.0498592799063772
688;253;0.0277145502157509
688;304;0.127361718192697
688;516;0.0331471608486027
688;585;0.144446877529845
688;596;0.0751952422317118
688;850;0.0257690034806728
689;45;0.177591606229544
689;211;0.021043603727594
689;626;0.111425892589614
689;766;0.0204152870457619
689;767;0.0299186736345291
689;780;0.176948014227673
689;970;0.0517741314601153
689;985;0.151746286638081
690;146;0.0390503989066929
690;580;0.0820793180260807
690;596;0.0522683009505272
690;615;0.148916579596698
690;620;0.106193971354514
690;629;0.185011945944279
690;929;0.11356635983102
690;966;0.0790989007800817
691;73;0.0565328035969287
691;383;0.0657507719006389
691;443;0.148036443069577
691;450;0.136062187794596
691;488;0.0583957827650011
691;610;0.185588470473886
691;836;0.115672517614439
691;963;0.0304667739197612
692;19;0.170722244214267
692;526;0.013452225504443
692;566;0.086412912979722
692;591;0.157826622156426
692;818;0.0608428201638162
692;827;0.102357790898532
692;866;0.0286923502571881
692;890;0.0870018728543073
693;181;0.114802216831595
693;242;0.0106903202366084
693;360;0.121859508380294
693;429;0.158159749768674
693;437;0.108524175966159
693;485;0.104406083142385
693;589;0.0696000469382852
693;861;0.157447776244953
694;36;0.15608389293775
694;125;0.0676187104545534
694;331;0.0763288661837578
694;377;0.0196833922062069
694;382;0.0626048687379807
694;425;0.170732769416645
694;527;0.119386808061972
694;847;0.026847174204886
695;1;0.13093836652115
695;12;0.153614958701655
695;478;0.0970938287675381
695;597;0.18672949434258
695;819;0.0568036945536733
695;854;0.0635514594614506
695;963;0.171588945621625
695;975;0.0498166040051728
696;133;0.0986520121339709
696;198;0.0419991740491241
696;293;0.140776827372611
696;300;0.139759089099243
696;678;0.0632550518959761
696;933;0.128236431442201
696;948;0.0899926306214184
696;993;0.185699526499957
697;220;0.122379747545347
697;280;0.0570410863962025
697;539;0.057569900713861
697;676;0.155045019136742
697;681;0.191513789677992
697;865;0.0503096715547144
697;933;0.18853547484614
697;972;0.18304539276287
698;73;0.115093580214307
698;103;0.00814239704050124
698;162;0.068880464695394
698;199;0.198900820780545
698;461;0.0837123432662338
698;559;0.0111299366224557
698;753;0.17461810130626
698;863;0.0727496876846999
699;248;0.117768564913422
699;342;0.0117418937385082
699;513;0.134276194544509
699;741;0.0989145280327648
699;793;0.184892659354955
699;822;0.0080778235103935
699;908;0.145917570125312
699;964;0.0435884463135153
700;44;0.154185642348602
700;209;0.0452280029654503
700;233;0.103697760310024
700;279;0.108610428031534
700;530;0.182799755502492
700;872;0.0485653179697692
700;930;0.00205955463461578
700;970;0.0191746186465025
701;28;0.0133888860233128
701;423;0.0246065748855472
701;546;0.111732040252537
701;720;0.0102616714313626
701;742;0.0157157984562218
701;751;0.145048832613975
701;846;0.047233416698873
701;999;0.0018379126675427
702;261;0.100619816221297
702;448;0.124300671648234
702;547;0.151408181013539
702;559;0.0108580974861979
702;577;0.0726302038412541
702;707;0.0776705506257713
702;965;0.174539467645809
702;966;0.0482167209498584
703;244;0.0835335216019303
703;387;0.192835181439295
703;530;0.0274557458236814
703;762;0.0947906025219709
703;775;0.113183622527868
703;787;0.035457065468654
703;814;0.0417678468860686
703;865;0.170766025595367
704;237;0.0988196303136647
704;240;0.162911500222981
704;536;0.179368841322139
704;639;0.178667867043987
704;649;0.0122463075444102
704;903;0.0887139989994466
704;932;0.129879876505584
704;986;0.0786731061525643
705;92;0.0636192857287824
705;155;0.0410843901801854
705;198;0.155996839515865
705;404;0.102564855804667
705;501;0.00633951127529144
705;506;0.189054657379165
705;594;0.0773249787744135
705;800;0.106938412971795
706;457;0.00245744721032679
706;651;0.154719252930954
706;745;0.176602093596011
706;773;0.178444872889668
706;841;0.167627075128257
706;988;0.0696661241818219
706;996;0.129616089351475
706;998;0.169217540603131
707;577;0.0546065601985902
707;592;0.0393153127282858
707;601;0.187708685128018
707;702;0.14275934882462
707;803;0.0406534792389721
707;920;0.0910988601390272
707;939;0.118074951739982
707;963;0.0172254362609237
708;256;0.0596046570222825
708;376;0.0689135743770748
708;532;0.0638999237678945
708;561;0.00644298507831991
708;824;0.0460479916073382
708;856;0.0351319054141641
708;920;0.00249925996176898
708;989;0.198792961891741
709;185;0.193747722823173
709;309;0.146168973715976
709;367;0.182149595394731
709;417;0.179171299235895
709;561;0.111783008743078
709;583;0.142867900244892
709;750;0.137077826680616
709;829;0.104844100214541
710;500;0.033571361657232
710;526;0.0963802838232368
710;666;0.140291913412511
710;763;0.145996069675311
710;832;0.175268433103338
710;845;0.083692258503288
710;965;0.0593738123308867
710;982;0.143929153401405
711;242;0.062157688383013
711;292;0.0736619524657726
711;361;0.0704419407527894
711;480;0.0189192486461252
711;621;0.0811427240259945
711;633;0.0502854508347809
711;665;0.0638472237158567
711;954;0.0999734773300588
712;274;0.181074266927317
712;453;0.0149892126210034
712;481;0.00398252028971911
712;667;0.182837638352066
712;790;0.18084475453943
712;848;0.168439246434718
712;922;0.0988568662200123
712;943;0.0988091791048646
713;217;0.035684909299016
713;485;0.0468245042487979
713;488;0.0505204038694501
713;542;0.0261665646452457
713;730;0.0237883191090077
713;805;0.0894301470369101
713;818;0.117908514617011
713;861;0.160106586944312
714;23;0.0171661705709994
714;37;0.123256947658956
714;223;0.107543807476759
714;410;0.0686704796738923
714;413;0.121910507092252
714;596;0.0646647667977959
714;863;0.109150920063257
714;873;0.0365476964041591
715;75;0.188167220400646
715;159;0.037230749707669
715;291;0.19739009574987
715;311;0.195749001577497
715;373;0.0444879401940852
715;520;0.1764811092522
715;571;0.147623040061444
715;580;0.131175545044243
716;289;0.152903804322705
716;385;0.00486892606131733
716;563;0.138638080889359
716;739;0.187812892533839
716;776;0.0767383576836437
716;849;0.0746170496568084
716;901;0.175598886888474
716;966;0.189804925117642
717;152;0.0398449583910406
717;314;0.165035612741485
717;394;0.0024875424336642
717;431;0.156113451626152
717;681;0.103002732666209
717;772;0.0894349890761078
717;784;0.0297315726522356
717;889;0.145443323208019
718;70;0.0223916833288968
718;107;0.0629114504903555
718;181;0.175080864969641
718;423;0.101348941400647
718;554;0.0479392581619322
718;728;0.0630195480771363
718;865;0.0422607217449695
718;997;0.0637341453228146
719;172;0.016425371915102
719;364;0.102241686265916
719;370;0.149112985981628
719;649;0.113543920544907
719;791;0.0618205105420202
719;840;0.110969930700958
719;857;0.0951690083369613
719;947;0.190714301122352
720;261;0.0992646695114672
720;280;0.0354073584079742
720;533;0.0241939461790025
720;557;0.0508659651502967
720;701;0.082865015976131
720;732;0.0480193801224232
720;908;0.0966579677071422
720;915;0.0805041703861207
721;60;0.199954326543957
721;137;0.180533466534689
721;163;0.10442674504593
721;165;0.08758087255992
721;212;0.0586134342942387
721;397;0.0403667797800153
721;570;0.145029791397974
721;653;0.109987755585462
721;943;0.152124581765383
722;158;0.194695705547929
722;445;0.118056699587032
722;510;0.191429245611653
722;563;0.139514458738267
722;575;0.142617333540693
722;748;0.100973364105448
722;803;0.0981944411993027
722;912;0.186506234202534
722;999;0.102394594345242
723;214;0.0371670281980187
723;352;0.0412347584497184
723;391;0.0243286638520658
723;401;0.0532964115496725
723;424;0.14890904808417
723;744;0.120168916368857
723;854;0.121978936716914
723;886;0.0362679821439087
723;939;0.0775515384506434
724;21;0.0254623871762306
724;171;0.0542399310041219
724;503;0.10925600733608
724;518;0.0490556515287608
724;564;0.0316168297082186
724;780;0.0937196714803576
724;883;0.141101702535525
724;952;0.0731790467631072
724;997;0.142229825258255
725;27;0.101694606617093
725;56;0.193902025278658
725;273;0.0323103523813188
725;572;0.155249442532659
725;584;0.148658964317292
725;609;0.0108092261943966
725;641;0.0286571010947227
725;730;0.0929277011193335
725;950;0.171521151950583
726;25;0.102869399962947
726;304;0.140715385088697
726;426;0.0842114632017911
726;468;0.0781417759601027
726;523;0.178067704150453
726;661;0.123661786131561
726;733;0.160396886104718
726;811;0.196837633242831
726;859;0.116662002028897
727;31;0.0776205950882286
727;509;0.00750149525702
727;515;0.159893027180806
727;521;0.114110473869368
727;594;0.0940197730436921
727;686;0.122605883516371
727;746;0.136247609229758
727;823;0.0131928659044206
727;975;0.138231472205371
728;129;0.0452114065177739
728;403;0.0750662628561258
728;414;0.130231693433598
728;542;0.115893725072965
728;613;0.010167956026271
728;718;0.0576681442093104
728;742;0.00790606588125229
728;907;0.134341905312613
728;923;0.0560206657275558
729;248;0.177389022521675
729;318;0.115707558952272
729;328;0.0854560221079737
729;528;0.0389728886075318
729;541;0.0444072076119483
729;673;0.00552351172082126
729;680;0.0444268225226551
729;884;0.125063655013219
729;970;0.17005951628089
730;235;0.0439041124656796
730;530;0.0495637289248407
730;566;0.152175250463188
730;660;0.0853655561804771
730;663;0.0902156496886164
730;713;0.034302638284862
730;725;0.12154544997029
730;800;0.165060902992263
730;891;0.0862482155673206
731;258;0.1842572088819
731;289;0.156612434796989
731;351;0.190564615046605
731;393;0.13879691385664
731;516;0.140042338706553
731;580;0.0433446229901165
731;626;0.0432304772082716
731;775;0.128548196470365
731;980;0.0338725680019707
732;188;0.152232858864591
732;481;0.0629425522405654
732;508;0.101483225496486
732;601;0.131427684612572
732;666;0.160649480205029
732;720;0.0369944877456874
732;792;0.136904582334682
732;996;0.128626283444464
732;1000;0.00422904244624078
733;92;0.0510177774354816
733;129;0.0889446685090661
733;180;0.177497183671221
733;302;0.183954028971493
733;451;0.159179229661822
733;656;0.0194058585911989
733;726;0.181816578470171
733;810;0.144139608228579
733;933;0.031397952651605
734;112;0.186140956031159
734;131;0.182763998955488
734;246;0.0184672515839338
734;278;0.0425955811049789
734;324;0.108114189980552
734;404;0.0643225064966828
734;757;0.00427338168956339
734;945;0.0647980250883848
734;956;0.0247368030715734
735;145;0.129806027002633
735;327;0.0480261500924826
735;374;0.146031101746485
735;389;0.00393129764124751
735;399;0.085877082310617
735;511;0.14270077990368
735;737;0.00492592682130635
735;753;0.102750729862601
735;918;0.165399688342586
736;143;0.142370690638199
736;288;0.191569430800155
736;341;0.00652184369973838
736;540;0.0497480201069266
736;560;0.117303669312969
736;599;0.196436939714476
736;660;0.134693911625072
736;758;0.125692089041695
736;818;0.187884322879836
737;492;0.158353403070942
737;546;0.128745496924967
737;635;0.0112061598338187
737;656;0.031502456497401
737;735;0.106794011918828
737;740;0.0254644558764994
737;785;0.0460333226248622
737;907;0.197001155698672
737;1000;0.148835357883945
738;50;0.184217208204791
738;179;0.136697176657617
738;374;0.195485529256985
738;448;0.138204015372321
738;567;0.100846480019391
738;656;0.189783292077482
738;802;0.0323577661532909
738;856;0.0160917266272008
738;859;0.149816517159343
739;32;0.127384247491136
739;459;0.0524235528428108
739;496;0.165158359333873
739;501;0.122186865331605
739;716;0.11907401336357
739;747;0.065823744609952
739;869;0.0389063620939851
739;906;0.128527575312182
739;995;0.0416386519093066
740;143;0.17566876327619
740;153;0.0848151960410178
740;200;0.18840394592844
740;316;0.145945356227458
740;326;0.0253384300507605
740;338;0.0992373934015632
740;469;0.0243018597830087
740;536;0.028281246079132
740;737;0.0979219001717865
741;4;0.181081280019134
741;66;0.179552701022476
741;249;0.0797892147209495
741;496;0.0953875430393964
741;588;0.132345206988975
741;607;0.138415326504037
741;699;0.0896845830138773
741;750;0.141902089817449
741;773;0.03566779429093
742;170;0.00560160856693983
742;180;0.145643481053412
742;363;0.1197851349134
742;385;0.196045845095068
742;431;0.101323599880561
742;599;0.191787550318986
742;636;0.106542098056525
742;701;0.128333553439006
742;728;0.0154275649692863
743;204;0.0238531054928899
743;275;0.0441251756157726
743;312;0.109461030876264
743;406;0.00421470478177071
743;540;0.105659159831703
743;677;0.189446186833084
743;812;0.0898480975069106
743;847;0.0850032662507147
743;949;0.109769053617492
744;72;0.0456019285600632
744;196;0.0950701022055
744;562;0.090356867434457
744;570;0.0890880410093814
744;613;0.186060364916921
744;625;0.0391241592820734
744;723;0.0923529715277255
744;804;0.099432479403913
744;974;0.0397161269560456
745;90;0.1732055274304
745;231;0.114745668647811
745;318;0.19097162084654
745;577;0.192320455843583
745;615;0.136290242429823
745;673;0.0378439779393375
745;706;0.130535867717117
745;773;0.0899783393368125
745;800;0.0586154251825064
746;33;0.0339382824487984
746;34;0.0570388357155025
746;269;0.0708969564642757
746;422;0.063720708200708
746;445;0.159241912839934
746;515;0.183176252059639
746;681;0.148349542077631
746;727;0.190507329208776
746;917;0.0105009781662375
747;62;0.0837155694607645
747;113;0.155210808292031
747;172;0.0825416787527502
747;232;0.0804206925909966
747;651;0.176860815193504
747;739;0.00767523259855807
747;837;0.0652084725443274
747;879;0.0454970916267484
747;880;0.186376649606973
748;311;0.0210165963042527
748;350;0.160668622236699
748;370;0.0842852836474776
748;620;0.0114134771749377
748;722;0.164450738811865
748;765;0.0561630841810256
748;773;0.150699493754655
748;837;0.126840559951961
748;940;0.140238487673923
749;238;0.0251061851158738
749;289;0.12629865957424
749;330;0.101529971230775
749;350;0.130389966396615
749;420;0.122018669825047
749;490;0.123469018377364
749;524;0.0684425864834338
749;680;0.150022776378319
749;945;0.0832264415919781
750;292;0.0152045865077525
750;313;0.190855021821335
750;351;0.193026693398133
750;632;0.151340610999614
750;709;0.0178102117031813
750;741;0.0456661294680089
750;828;0.179954653000459
750;916;0.0372562531847507
750;965;0.0582425700034946
751;1;0.0264516002498567
751;10;0.0306551292538643
751;140;0.174903938081115
751;183;0.0209138405509293
751;495;0.192092885216698
751;614;0.110098534589633
751;701;0.06597436433658
751;773;0.0400406329426914
751;937;0.00888903425075114
752;79;0.00997468740679324
752;252;0.145568618411198
752;335;0.182531645335257
752;365;0.0585557146929205
752;566;0.139200765732676
752;632;0.159863366698846
752;659;0.0200939874630421
752;680;0.0408805184997618
752;798;0.0768457983620465
753;9;0.0975482218433172
753;166;0.135171955218539
753;440;0.0563269678968936
753;698;0.129084852244705
753;735;0.0281637857202441
753;766;0.0128660319838673
753;898;0.0974104506429285
753;953;0.00504776779562235
753;959;0.0570893036201596
754;115;0.12757414765656
754;239;0.113253403268754
754;249;0.0531252073589712
754;317;0.133098307810724
754;326;0.103033414809033
754;513;0.173456353414804
754;761;0.0731049247551709
754;784;0.10863655814901
754;877;0.0160491574555635
755;131;0.00628237561322749
755;170;0.0701819624286145
755;189;0.180070703942329
755;416;0.189542071009055
755;418;0.177440765500069
755;428;0.071159198647365
755;432;0.159569955617189
755;538;0.0680703958496451
755;958;0.14883936420083
756;213;0.0441376409027725
756;401;0.13953419807367
756;539;0.0987614159472287
756;619;0.190719362534583
756;650;0.179489786131308
756;787;0.0918072488624603
756;863;0.0549615650437772
756;945;0.0760359618347138
756;989;0.160520739993081
757;28;0.186506072385237
757;292;0.0597796242218465
757;540;0.15380529044196
757;656;0.029281620355323
757;671;0.194394290400669
757;734;0.0944429283030331
757;864;0.0459595520980656
757;922;0.0817098943050951
757;935;0.0489308465272188
758;51;0.0014963326510042
758;338;0.0411470669787377
758;404;0.0586853930726647
758;419;0.121378248929977
758;618;0.140941511979327
758;646;0.151236372627318
758;736;0.0841973186004907
758;793;0.0137290893122554
758;811;0.166983705898747
759;46;0.147750091738999
759;76;0.117049606516957
759;137;0.196206985320896
759;298;0.155795859871432
759;365;0.172608736855909
759;402;0.191647658636794
759;428;0.109257383318618
759;845;0.0469241955783218
759;905;0.0513620901852846
760;26;0.0883158823940903
760;397;0.198358082724735
760;512;0.0148866218980402
760;590;0.0831223412416875
760;621;0.168485637474805
760;839;0.0887743015307933
760;914;0.0393907208461314
760;937;0.0173187487293035
760;969;0.133990889042616
761;211;0.127042543981224
761;341;0.168096629157662
761;623;0.197031848644838
761;754;0.00478489021770656
761;814;0.0835357273928821
761;898;0.0140855910722166
761;911;0.0715666810516268
761;942;0.092076227767393
761;986;0.111530196573585
762;75;0.0572332291398197
762;103;0.01384830288589
762;260;0.0740398168563843
762;436;0.0740416664630175
762;476;0.0298026495613158
762;533;0.0552283697761595
762;619;0.165971225174144
762;703;0.140207486553118
762;899;0.114927767822519
763;99;0.00252471473067999
763;394;0.086146686039865
763;429;0.109709808183834
763;463;0.054600879130885
763;470;0.00534546328708529
763;590;0.0278796781785786
763;615;0.115727367112413
763;710;0.0500886534806341
763;781;0.126008989522234
764;87;0.00502675562165678
764;178;0.108200179133564
764;190;0.152266721334308
764;246;0.171124983811751
764;356;0.0933553269132972
764;462;0.0323788222391158
764;478;0.0694053179584444
764;641;0.0876292035449296
764;677;0.0460090799257159
765;298;0.160543170711026
765;303;0.0949414342641831
765;396;0.11377551080659
765;406;0.139598640194163
765;457;0.148799891676754
765;504;0.120626145042479
765;515;0.0600087409373373
765;607;0.0587036089040339
765;748;0.111062091402709
766;82;0.0716823967639357
766;423;0.0769254838116467
766;439;0.0309525361284614
766;637;0.144989096792415
766;653;0.163245690288022
766;671;0.0507864798419178
766;689;0.138832520507276
766;753;0.136354893026873
766;884;0.0461368778254837
767;35;0.16204559081234
767;208;0.0206302444916219
767;367;0.130991919059306
767;545;0.0865657335147262
767;632;0.0615419359412044
767;636;0.0372337199747562
767;689;0.0178502296563238
767;854;0.0227200972847641
767;947;0.08322633956559
768;77;0.00188524699769914
768;315;0.0278018299490213
768;409;0.0517130791675299
768;430;0.153665270842612
768;502;0.123814098956063
768;782;0.0921006974764168
768;847;0.0640607138630003
768;894;0.0413980308920145
768;936;0.0297233611810952
769;114;0.18407614743337
769;138;0.109744622698054
769;193;0.0202846062369645
769;358;0.189196216408163
769;388;0.100204688636586
769;452;0.0121166258119047
769;639;0.158781145466492
769;929;0.102254109783098
769;973;0.00961759625934065
770;295;0.151300880499184
770;304;0.17410115567036
770;368;0.112876859912649
770;492;0.0504544576164335
770;550;0.0470570837147534
770;781;0.159073968837038
770;797;0.0325120912399143
770;812;0.17536399285309
770;964;0.0488664406351745
771;275;0.134598960308358
771;281;0.186665292643011
771;330;0.0165691264439374
771;395;0.0861012004781515
771;537;0.11681848494336
771;810;0.0190098366700113
771;855;0.0715025666169822
771;924;0.171644855476916
771;979;0.0641141573432833
772;307;0.0782846565824002
772;356;0.145627688895911
772;467;0.0676574701908976
772;470;0.0121502290014178
772;628;0.121821659663692
772;717;0.120459598256275
772;778;0.169252294301987
772;869;0.143330989545211
772;931;0.0963993876706809
773;518;0.0268648175988346
773;573;0.178237577574328
773;677;0.106162059633061
773;706;0.017696881853044
773;741;0.156157623417676
773;745;0.00433544577099383
773;748;0.184549336833879
773;751;0.0233398397453129
773;998;0.0527113203890622
774;167;0.123433634964749
774;271;0.103159343870357
774;594;0.0929800953250378
774;785;0.168736714217812
774;797;0.11978804115206
774;802;0.129597789654508
774;872;0.147304644342512
774;891;0.159273239644244
774;963;0.108809937536716
775;126;0.153799102269113
775;153;0.0153021401725709
775;190;0.19691089973785
775;217;0.0446041014045477
775;371;0.0146840238012373
775;703;0.0437940552365035
775;731;0.15475937500596
775;873;0.169847694365308
775;885;0.196005552122369
776;241;0.00365727674216032
776;259;0.149544598907232
776;302;0.128899545455351
776;338;0.156718358071521
776;510;0.164548447821289
776;615;0.168714471813291
776;716;0.0547691243700683
776;781;0.0259008227847517
776;985;0.0335863206069916
777;136;0.0438059799838811
777;553;0.16441269912757
777;603;0.142509298911318
777;784;0.185295138787478
777;827;0.0511286339256913
777;834;0.12137089795433
777;897;0.122173357056454
777;958;0.055486653605476
777;973;0.0551199393812567
778;57;0.111355911474675
778;321;0.0241517739370465
778;430;0.0936343125998974
778;572;0.0316736385691911
778;658;0.0438665903173387
778;772;0.0609954489395022
778;790;0.00362608381547034
778;885;0.161314066778868
778;974;0.150686907675117
779;108;0.165486413007602
779;137;0.12823778046295
779;236;0.106111487094313
779;316;0.0919798786751926
779;457;0.145952006476
779;579;0.0560503810178489
779;959;0.0490154135040939
779;976;0.0926543744280934
779;987;0.041190416039899
780;288;0.11052261297591
780;357;0.0439203717745841
780;405;0.148470201995224
780;546;0.0775903177447617
780;689;0.19822472827509
780;724;0.0278533950448036
780;805;0.082368516549468
780;862;0.0658816816285253
780;933;0.044548332458362
781;141;0.101459411159158
781;168;0.126152267633006
781;256;0.168221224332228
781;536;0.122213003551587
781;763;0.0504250948317349
781;770;0.0305882106069475
781;776;0.0991152922157198
781;853;0.130419857287779
781;935;0.0764272624161094
782;120;0.059660215023905
782;255;0.0139991460368037
782;346;0.133548255125061
782;463;0.0758258758112788
782;479;0.107614181470126
782;583;0.0207004155963659
782;768;0.0145773742347956
782;889;0.187186755705625
782;972;0.00647602281533182
783;131;0.158025900414214
783;281;0.165383696742356
783;297;0.161666179122403
783;463;0.0466573527548462
783;534;0.195196324912831
783;579;0.143396709160879
783;599;0.0228350560646504
783;847;0.017804121458903
783;902;0.054837326426059
784;188;0.0440043904818594
784;410;0.0995914442464709
784;570;0.0687465753871948
784;717;0.0718011497054249
784;754;0.00537613220512867
784;777;0.00243803653866053
784;867;0.132036818750203
784;895;0.19616777789779
784;958;0.0894379784353077
785;54;0.0923121777363122
785;71;0.166457783477381
785;264;0.16927786921151
785;275;0.154003425035626
785;422;0.186470099817961
785;737;0.0564802598208189
785;774;0.165820676414296
785;787;0.0192240945994854
785;846;0.0467108045239002
786;42;0.118929427862167
786;58;0.0739193748682737
786;91;0.0414959034416825
786;226;0.194731709547341
786;370;0.113294230261818
786;395;0.0946257997769862
786;633;0.0226919174194336
786;646;0.167141963168979
786;864;0.000556479953229427
787;27;0.0576724771410227
787;397;0.000187001284211874
787;524;0.121425770362839
787;526;0.106500058295205
787;576;0.158804493863136
787;703;0.0919532673899084
787;756;0.0507654894609004
787;785;0.15637634312734
787;866;0.0987458586227149
788;116;0.0178960067220032
788;148;0.0820085576269776
788;227;0.00326557187363505
788;296;0.123599712783471
788;519;0.153116321284324
788;534;0.154720955574885
788;850;0.120834670821205
788;855;0.158103612344712
788;893;0.13153291316703
789;386;0.0518154791556299
789;505;0.151566350925714
789;530;0.0702402527909726
789;548;0.106496641458943
789;577;0.186653491435573
789;657;0.108324727742001
789;684;0.100010492186993
789;828;0.0861544411629439
789;913;0.133115360699594
790;11;0.0417814885266125
790;187;0.174928952613845
790;387;0.147939469525591
790;486;0.0145153615158051
790;603;0.0502229121048003
790;712;0.110439437907189
790;778;0.101413449971005
790;798;0.0220258787740022
790;951;0.0147677079774439
791;150;0.134272046014667
791;284;0.0733555075712502
791;382;0.19052319121547
791;555;0.0982561183162034
791;590;0.0741861592512578
791;675;0.119520142255351
791;719;0.199526458373293
791;847;0.118372376263142
791;876;0.0147036273963749
792;199;0.133046422898769
792;283;0.00145590398460627
792;330;0.156786945881322
792;640;0.170621813554317
792;732;0.113538350071758
792;796;0.10137590826489
792;839;0.179748690733686
792;878;0.10576350921765
792;932;0.13395507670939
793;99;0.125886774575338
793;258;0.153450422966853
793;366;0.0341719083487988
793;383;0.0436994721181691
793;579;0.155181344877929
793;699;0.161568490974605
793;758;0.16691820230335
793;929;0.0215109430253506
793;993;0.0451388409361243
794;36;0.00910568255931139
794;291;0.0492020899895579
794;330;0.0263858020305634
794;337;0.0384154143743217
794;622;0.185481825098395
794;627;0.0465610394254327
794;795;0.0595960102509707
794;821;0.11985025331378
794;849;0.0637526610400528
795;189;0.18978700870648
795;204;0.113864814816043
795;311;0.188978656381369
795;428;0.131811379222199
795;681;0.0488949538674206
795;794;0.0777809179853648
795;934;0.16100948615931
795;967;0.0502120184246451
795;973;0.0842216296121478
796;125;0.130730940401554
796;278;0.131341530615464
796;391;0.137840208224952
796;447;0.0514954012818635
796;545;0.0492757133673877
796;792;0.0950602857861668
796;868;0.130423504579812
796;924;0.0873589087277651
796;935;0.178908631857485
797;45;0.100505624804646
797;260;0.0369501141831279
797;389;0.144389523984864
797;586;0.0858930749818683
797;606;0.0717904726509005
797;629;0.0618218254763633
797;770;0.124180259089917
797;774;0.0508166822139174
797;831;0.0197778112255037
798;420;0.0136942498851568
798;451;0.00643256385810673
798;554;0.0281588893383741
798;659;0.0381695067044348
798;752;0.0315814030822366
798;790;0.149299371009693
798;802;0.138222718099132
798;817;0.0843495565932244
798;840;0.0887032292317599
799;112;0.115826432593167
799;475;0.133572131721303
799;504;0.120972248306498
799;543;0.066724967258051
799;549;0.113071517227218
799;586;0.0791984820272774
799;588;0.127488027047366
799;853;0.0865969311911613
799;910;0.0426918113604188
800;24;0.0650937522295862
800;96;0.0792990393470973
800;250;0.011442689364776
800;432;0.173477449640632
800;705;0.0749632207211107
800;730;0.125162497814745
800;745;0.11279325010255
800;972;0.0142044540960342
800;990;0.038417513621971
801;95;0.0719161942601204
801;344;0.135765254031867
801;357;0.180377861764282
801;626;0.135959205264226
801;650;0.160713637201116
801;841;0.0416141381021589
801;863;0.0115084844175726
801;899;0.184268287196755
801;974;0.116544784326106
802;130;0.0303635868709534
802;163;0.0521567527670413
802;345;0.185003036307171
802;598;0.127648337604478
802;738;0.169724982650951
802;774;0.181778727611527
802;798;0.167411721870303
802;813;0.160940768290311
802;922;0.136221422208473
803;169;0.0749334478285164
803;320;0.0627294785343111
803;352;0.00445453491993248
803;642;0.082435854524374
803;707;0.196623876178637
803;722;0.19532345472835
803;961;0.0323607453610748
803;968;0.107554895011708
803;997;0.0888852010015398
804;98;0.0130770619958639
804;118;0.108135614590719
804;492;0.143269368307665
804;528;0.0795511286705732
804;643;0.172003221791238
804;664;0.0415981816593558
804;744;0.00178444441407919
804;825;0.0623556489124894
804;996;0.149041600525379
805;214;0.158679323457181
805;526;0.135803354997188
805;678;0.00867939651943743
805;683;0.118066343432292
805;713;0.0348558713681996
805;780;0.131619231309742
805;808;0.113391446648166
805;833;0.025618940172717
805;969;0.0976270558778197
806;273;0.0792196458205581
806;276;0.115298064891249
806;327;0.0603496097493917
806;415;0.196518583083525
806;454;0.137078687455505
806;643;0.0270502950064838
806;666;0.00433912086300552
806;922;0.0851552847772837
806;960;0.0604642756748945
807;29;0.156310432963073
807;53;0.0949466929771006
807;282;0.000446312269195914
807;329;0.0943946038838476
807;368;0.163169518811628
807;402;0.109859121544287
807;447;0.174658829160035
807;510;0.133929864643142
807;977;0.00230088415555656
808;122;0.181112864799798
808;434;0.0747997199650854
808;477;0.0958009494934231
808;536;0.182669044425711
808;579;0.0909513041842729
808;602;0.122339891828597
808;644;0.129223510529846
808;805;0.0367597790434957
808;925;0.0930664596613497
809;191;0.150761334365234
809;319;0.00141935567371547
809;388;0.0219711111858487
809;396;0.0823954271152616
809;503;0.0347315551247448
809;546;0.126004638010636
809;668;0.0322406264487654
809;826;0.103598721791059
809;893;0.133884959667921
810;267;0.176905391504988
810;342;0.0984432482626289
810;527;0.146801751060411
810;667;0.105478862673044
810;733;0.0979186882730573
810;771;0.0935644071083516
810;843;0.0720982628408819
810;886;0.118652460584417
810;981;0.154791703913361
811;227;0.053188442112878
811;437;0.165216682897881
811;494;0.155345158698037
811;547;0.14880084078759
811;569;0.10793964555487
811;664;0.190115036303177
811;726;0.137188258813694
811;758;0.0154037807602435
811;826;0.18140728729777
812;422;0.150117724435404
812;430;0.00500924121588469
812;436;0.13848544312641
812;672;0.031423232331872
812;743;0.121693115215749
812;770;0.113242520624772
812;862;0.15745093789883
812;868;0.0921555193606764
812;974;0.136835606722161
813;309;0.00333189405500889
813;310;0.119230521749705
813;382;0.10612430665642
813;520;0.0206054588314146
813;648;0.195335838384926
813;802;0.16166658247821
813;843;0.191517771221697
813;890;0.111327523319051
813;998;0.0468460636213422
814;126;0.152664194488898
814;387;0.054712815862149
814;440;0.19515284197405
814;535;0.080845587560907
814;687;0.0375736844260246
814;703;0.066460946528241
814;761;0.184823539527133
814;886;0.0315010163001716
814;928;0.145183675643057
815;73;0.161499462462962
815;81;0.0172841450199485
815;232;0.0789738928433508
815;370;0.170438750786707
815;472;0.195832209568471
815;641;0.0061389755923301
815;685;0.095644198730588
815;830;0.0378016985952854
815;951;0.165464791515842
816;164;0.0749133456964046
816;329;0.0389549222309142
816;431;0.0507340943906456
816;486;0.0150968450121582
816;629;0.0714042285922915
816;902;0.0659333224408329
816;912;0.15005308482796
816;942;0.127763808052987
816;951;0.0439798625186086
817;250;0.116807391634211
817;374;0.167381695145741
817;535;0.0320445995312184
817;543;0.101439190702513
817;798;0.0920032549649477
817;831;0.0600481991190463
817;923;0.0470582980662584
817;951;0.0660500064026564
817;977;0.113760705245659
818;117;0.0904213115572929
818;253;0.163587025273591
818;624;0.106685291137546
818;642;0.0981051506940275
818;692;0.00315760103985667
818;713;0.076859316509217
818;736;0.0235333404969424
818;820;0.163375509670004
818;842;0.0731048907153308
819;433;0.00308190770447254
819;460;0.031404745252803
819;619;0.0736217715311795
819;695;0.0755766535177827
819;852;0.173782108165324
819;863;0.185597853083164
819;894;0.129519893787801
819;911;0.0162752901669592
819;969;0.170113881537691
820;105;0.0305067189969122
820;121;0.170660021901131
820;469;0.133774276915938
820;531;0.132405885355547
820;562;0.0397771310526878
820;671;0.0771218889392912
820;818;0.0086234871763736
820;864;0.0362741096876562
820;935;0.0322974362876266
821;42;0.0228806209284812
821;139;0.158554773405194
821;202;0.154313516011462
821;344;0.199658950325102
821;556;0.174254099046811
821;569;0.190522193117067
821;645;0.0504881564993411
821;794;0.0837484546937048
821;882;0.150858413241804
822;98;0.0996294859331101
822;280;0.130927482806146
822;370;0.18872909899801
822;419;0.00241858921945095
822;516;0.147002599807456
822;686;0.176847985666245
822;699;0.0685217563994229
822;937;0.0676575008314103
822;981;0.051570485625416
823;184;0.110603920696303
823;249;0.190596857573837
823;324;0.19516212483868
823;349;0.0515031663700938
823;588;0.0894710928201675
823;598;0.00682371249422431
823;620;0.174838339397684
823;727;0.118564761057496
823;904;0.100391505472362
824;234;0.123317987285554
824;349;0.121110354783013
824;368;0.0125974188093096
824;466;0.122631325386465
824;708;0.135882369242609
824;891;0.165895840711892
824;950;0.0819748014677316
824;974;0.0923083824571222
824;980;0.0603825245518237
825;192;0.155310426978394
825;333;0.0510032888036221
825;471;0.0180168949998915
825;474;0.144921646267176
825;648;0.178689913311973
825;804;0.179585246229544
825;879;0.0637636043131351
825;881;0.036287941923365
825;887;0.0467573155183345
826;178;0.0949010210577399
826;224;0.0397945505101234
826;302;0.13271599910222
826;334;0.127272248547524
826;445;0.0485205668956041
826;548;0.0921572947409004
826;809;0.158328070305288
826;811;0.0542421780992299
826;969;0.195391274010763
827;72;0.100199548900127
827;217;0.183074872381985
827;378;0.105202991981059
827;589;0.143763470556587
827;644;0.121879536751658
827;692;0.135955462697893
827;777;0.115823460835963
827;841;0.0936649225652218
827;986;0.0775209898594767
828;158;0.11638727565296
828;159;0.148220659047365
828;199;0.0902808820363134
828;330;0.183737411769107
828;587;0.01087582022883
828;750;0.176726594706997
828;789;3.67871019989252e-05
828;919;0.18368036095053
828;933;0.102948007686064
829;111;0.0873258854728192
829;394;0.0971075414214283
829;439;0.0870301090180874
829;497;0.176422798447311
829;533;0.183873640885577
829;538;0.145809848932549
829;709;0.170664858492091
829;946;0.153796940902248
829;960;0.102486455673352
830;76;0.0918177584651858
830;249;0.147445147810504
830;425;0.0932979451026767
830;497;0.197360274195671
830;498;0.0850055401213467
830;612;0.0900082936510444
830;815;0.115438651805744
830;877;0.0316090087406337
830;984;0.110646653454751
831;127;0.175942842522636
831;516;0.19902880070731
831;617;0.0592133592814207
831;637;0.0437728411052376
831;797;0.114366191532463
831;817;0.159374362416565
831;852;0.0829437891021371
831;875;0.068507129792124
831;994;0.0294808108825237
832;274;0.0602716556750238
832;339;0.165279063163325
832;587;0.0597057663835585
832;638;0.0176735792774707
832;710;0.00448566051200032
832;860;0.114751677215099
832;926;0.0936199562624097
832;928;0.130000576004386
832;961;0.173986180033535
833;33;0.164317351486534
833;219;0.189222390949726
833;306;0.115157423028722
833;337;0.0402625255752355
833;418;0.0910819103009999
833;687;0.130606559570879
833;805;0.16915900753811
833;860;0.0450087509118021
833;949;0.183121620584279
834;176;0.109259855933487
834;395;0.16592199918814
834;644;0.182766855834052
834;650;0.088019458996132
834;652;0.153210560418665
834;777;0.0910540471784771
834;859;0.0255851499736309
834;904;0.150380219100043
834;943;0.142593916179612
835;127;0.135495897149667
835;192;0.0145319306757301
835;296;0.111800031084567
835;325;0.198357819067314
835;405;0.012362541584298
835;444;0.153513929294422
835;452;0.0946793127804995
835;459;0.198074990091845
835;856;0.0109830735716969
836;139;0.149355180421844
836;148;0.160731904394925
836;272;0.182246328983456
836;589;0.164371281862259
836;606;0.0840525210369378
836;691;0.151426452537999
836;859;0.0902725866995752
836;925;0.107717675995082
836;955;0.156609327206388
837;30;0.0827887476421893
837;175;0.0238275772426277
837;361;0.0322088452987373
837;436;0.0263076939620078
837;543;0.197015435434878
837;578;0.147636934975162
837;659;0.141098085185513
837;747;0.130044922791421
837;748;0.031155637325719
838;107;0.0300099484622478
838;232;0.0854922695551068
838;497;0.163065337901935
838;512;0.0735760467592627
838;638;0.0479049570392817
838;896;0.0120476373936981
838;910;0.00965825989842415
838;934;0.162785164499655
838;965;0.130976691655815
839;96;0.146375276753679
839;172;0.024424495967105
839;363;0.139656384335831
839;393;0.156671296432614
839;647;0.128636796073988
839;760;0.106598239019513
839;792;0.156752307154238
839;858;0.0477135559078306
839;876;0.0420737609267235
840;51;0.16255009053275
840;189;0.166854333737865
840;230;0.125819053221494
840;445;0.175529709970579
840;559;0.00938832052052021
840;649;0.0173000269569457
840;719;0.1605486005079
840;798;0.197665130859241
840;995;0.0164039968978614
841;144;0.160732067888603
841;417;0.129133236221969
841;478;0.0504875814076513
841;529;0.0419545007869601
841;647;0.145954742096364
841;652;0.132344354363158
841;706;0.147887290874496
841;801;0.0305459626019001
841;827;0.114292634557933
842;235;0.158452431252226
842;333;0.0669747894164175
842;338;0.0539848688524216
842;447;0.130578605737537
842;504;0.0797449907753617
842;631;0.0738289370667189
842;648;0.0781864711549133
842;818;0.0787725413683802
842;972;0.0290615511592478
843;4;0.0608998707961291
843;251;0.128137428453192
843;290;0.15489457892254
843;313;0.0911070708651096
843;323;0.0429211345501244
843;385;0.0416871399153024
843;613;0.0935082893818617
843;810;0.181673259241506
843;813;0.128832413163036
844;109;0.092623956175521
844;174;0.0165646008681506
844;354;0.105726253474131
844;386;0.171650667674839
844;474;0.141279895044863
844;545;0.19689200730063
844;605;0.151637450186536
844;883;0.0309967794455588
844;953;0.0319157724734396
845;8;0.0406869559083134
845;259;0.097649575676769
845;358;0.141564855678007
845;634;0.06218600301072
845;683;0.0257991779595614
845;710;0.140498946420848
845;759;0.0449749140068889
845;980;0.13875940553844
845;1000;0.188742059376091
846;89;0.00761469267308712
846;172;0.128930037980899
846;479;0.162793184816837
846;500;0.0753001529723406
846;603;0.128551054187119
846;670;0.106709094718099
846;701;0.172805007733405
846;785;0.190484877396375
846;907;0.07930728206411
847;460;0.0289568467531353
847;567;0.182197790034115
847;694;0.130757830757648
847;743;0.0938610814046115
847;768;0.189902322273701
847;783;0.136522530764341
847;791;0.130401295889169
847;901;0.00923735392279923
847;990;0.0494318910408765
848;265;0.0348882059566677
848;358;0.00469798450358212
848;406;0.114957275427878
848;471;0.0970094992779195
848;557;0.157656034687534
848;626;0.0727315636351705
848;712;0.0186166147701442
848;984;0.105300263036042
848;998;0.104693951550871
849;122;0.139332882594317
849;145;0.104054092336446
849;390;0.192979791248217
849;408;0.115887801116332
849;422;0.171526332898065
849;466;0.0443147816229612
849;716;0.0376590781379491
849;794;0.0802454241551459
849;954;0.148879066808149
850;332;0.11292744204402
850;412;0.0976657367777079
850;496;0.0823600959032774
850;532;0.169804660137743
850;589;0.141518319770694
850;688;0.127187124826014
850;788;0.07685232385993
850;997;0.176546814385802
850;1000;0.177347106020898
851;55;0.0261097391601652
851;286;0.138897599931806
851;378;0.146073878463358
851;380;0.00613156068138778
851;642;0.0492840624880046
851;671;0.157853545667604
851;865;0.153444983437657
851;922;0.0629314776044339
851;999;0.0512590683996677
852;324;0.108656167984009
852;405;0.0841089395340532
852;486;0.0294860865455121
852;570;0.0121569323353469
852;666;0.0688348225783557
852;819;0.0465579222887754
852;831;0.0518994625657797
852;873;0.187914883112535
852;961;0.128099786583334
853;122;0.0201351650990546
853;204;0.0463560643140227
853;316;0.0923619688488543
853;329;0.033087183535099
853;479;0.102413928834721
853;623;0.0534662832971662
853;781;0.161061809770763
853;799;0.0581263705156744
853;934;0.024317870894447
854;49;0.0819186189211905
854;237;0.164278833055869
854;432;0.0272668707650155
854;604;0.0412873060442507
854;678;0.156599337607622
854;695;0.00528844646178186
854;723;0.168517345516011
854;767;0.0792453654576093
854;983;0.0743774966802448
855;296;0.0808559059165418
855;396;0.0141783458180726
855;411;0.168240072065964
855;488;0.0664265758357942
855;642;0.106686966819689
855;669;0.0251299995463341
855;771;0.116401308821514
855;788;0.140050910692662
855;924;0.145042207976803
856;13;0.00787267331033945
856;61;0.19831017786637
856;308;0.0198084648698568
856;601;0.0889871723484248
856;708;0.0822364169172943
856;738;0.189876111596823
856;835;0.198935113614425
856;893;0.107915292587131
856;970;0.00943907168693841
857;207;0.0326103942003101
857;381;0.0729015100747347
857;532;0.0651240498293191
857;606;0.00320804053917527
857;648;0.165985014801845
857;649;0.0446354103740305
857;719;0.163555949972942
857;932;0.171270658681169
857;983;0.0495111821684986
858;60;0.130014000553638
858;190;0.0368693083990365
858;317;0.00368253858759999
858;341;0.105308408429846
858;452;0.169224857725203
858;454;0.096984332613647
858;637;0.0221246732864529
858;839;0.110235825041309
858;934;0.156538816494867
859;218;0.180559047032148
859;345;0.0978954882826656
859;408;0.170972160156816
859;553;0.0147414865437895
859;591;0.0372704022563994
859;726;0.186499694921076
859;738;0.0851473264396191
859;834;0.0767484971322119
859;836;0.122219643741846
860;74;0.177628866257146
860;195;0.0793365619610995
860;229;0.178017428191379
860;415;0.010634180624038
860;567;0.160213195858523
860;627;0.0314873903058469
860;832;0.0646489168517292
860;833;0.10396533748135
860;963;0.00261024148203433
861;18;0.0951797698158771
861;360;0.00956256645731628
861;508;0.0616307183168829
861;550;0.164068883378059
861;626;0.063188707549125
861;651;0.152459297375754
861;693;0.127300440706313
861;713;0.143497736845166
861;937;0.178251070249826
862;243;0.186745731206611
862;451;0.108940282743424
862;552;0.0989116278942674
862;590;0.0560179237741977
862;607;0.135169178945944
862;627;0.125699174776673
862;780;0.175035757664591
862;812;0.193628091132268
862;897;0.0232964062597603
863;117;0.0858074373099953
863;142;0.187205601856112
863;392;0.135288835596293
863;698;0.0806789246853441
863;714;0.166704553179443
863;756;0.00174481002613902
863;801;0.134044996229932
863;819;0.0658598293550312
863;996;0.139306056965143
864;422;0.14197178450413
864;440;0.195543004013598
864;457;0.0816560219042003
864;465;0.0532557449769229
864;634;0.110311418445781
864;671;0.0930290152784437
864;757;0.113812690973282
864;786;0.0985066014807671
864;820;0.100213834596798
865;262;0.194675059523433
865;349;0.0429037683643401
865;449;0.000171519769355655
865;519;0.0647584997583181
865;697;0.115884705167264
865;703;0.156491251755506
865;718;0.181486492557451
865;851;0.119557930296287
865;931;0.115755039779469
866;308;0.100349904596806
866;390;0.0345339064486325
866;417;0.186095107533038
866;471;0.189633801486343
866;549;0.181086269766092
866;667;0.00962245408445597
866;692;0.0223290816880763
866;787;0.0596127980388701
866;954;0.0795838112477213
867;302;0.100315893255174
867;354;0.0379805034957826
867;375;0.147759886737913
867;391;0.0644123191945255
867;426;0.0144531127996743
867;433;0.152632826101035
867;784;0.120005667489022
867;897;0.159448172757402
867;977;0.139644754817709
868;34;0.174476160900667
868;443;0.00426320936530828
868;464;0.0326184280216694
868;564;0.0924695294816047
868;573;0.052060827286914
868;621;0.0502557716798037
868;656;0.0185248120687902
868;796;0.0853779847733677
868;812;0.0965831109322608
869;77;0.0715013963636011
869;193;0.0599188777152449
869;206;0.15044703069143
869;239;0.108713890053332
869;299;0.0940213121008128
869;541;0.0865869090426713
869;739;0.196698095789179
869;772;0.198293267935514
869;954;0.12839641077444
870;54;0.101068697450683
870;93;0.128403976606205
870;149;0.182028435124084
870;317;0.0478531626518816
870;491;0.165264605078846
870;538;0.0493035616353154
870;647;0.0618853547144681
870;653;0.111721369065344
870;894;0.0953822623938322
871;104;0.0926051919814199
871;193;0.0223251952789724
871;207;0.138909117691219
871;379;0.0517795472405851
871;447;0.199422612087801
871;459;0.138646335387602
871;521;0.150258581386879
871;638;0.148373217275366
871;983;0.0241512036882341
872;235;0.166592991957441
872;271;0.14735696320422
872;514;0.0436348737217486
872;529;0.126567887421697
872;543;0.186109480680898
872;622;0.0316160720773041
872;631;0.118416901351884
872;700;0.164283039607108
872;774;0.0437378962989897
873;228;0.172284168470651
873;254;0.130921424506232
873;262;0.0415894218254834
873;372;0.10651738573797
873;545;0.125566159840673
873;714;0.0846648583188653
873;775;0.161184356920421
873;852;0.00384009946137667
873;936;0.176735999202356
874;71;0.177804837562144
874;192;0.0780066879931837
874;279;0.192319602798671
874;488;0.00120688914321363
874;511;0.0490408644545823
874;654;0.0226359430234879
874;920;0.0288581560365856
874;962;0.0954191102646291
874;990;0.00613212385214865
875;232;0.101487397262827
875;246;0.19133380074054
875;293;0.175538031244651
875;344;0.0255318201612681
875;429;0.0583889735396951
875;517;0.0619241082575172
875;831;0.112828647485003
875;881;0.134017393179238
875;985;0.124227386154234
876;328;0.0112794881220907
876;372;0.00510652959346771
876;529;0.157238570787013
876;538;0.0407948680687696
876;624;0.0229590719100088
876;791;0.108123749820516
876;839;0.0960834537167102
876;883;0.056940025370568
876;927;0.0512958873063326
877;142;0.0719446345232427
877;249;0.177464499790221
877;346;0.0873912887182087
877;486;0.153799339570105
877;524;0.061557387560606
877;645;0.0914270426612347
877;754;0.106063758023083
877;830;0.110278088925406
877;966;0.106270400481299
878;110;0.196296463580802
878;135;0.166889050230384
878;186;0.0829526939895004
878;220;0.169887181045488
878;270;0.111709043476731
878;477;0.104639331949875
878;502;0.137755880923942
878;685;0.0180050492286682
878;792;0.0496815976221114
879;122;0.047314931685105
879;348;0.179593607364222
879;382;0.0973703702446073
879;402;0.0473136867862195
879;425;0.111573512898758
879;512;0.179233499569818
879;515;0.0114191586151719
879;747;0.0619987095706165
879;825;0.16638204222545
880;192;0.0602294338867068
880;303;0.072884888201952
880;456;0.159764519706368
880;474;0.0596116557251662
880;662;0.0630077863112092
880;747;0.199251733161509
880;909;0.0626076291780919
880;912;0.128761388361454
880;922;0.157334976876155
881;265;0.14783068196848
881;359;0.197526151454076
881;578;0.161464061168954
881;619;0.0888239372521639
881;655;0.118148019304499
881;825;0.158350881608203
881;875;0.157238416559994
881;917;0.133894445700571
881;928;0.0259144568815827
882;7;0.18124224790372
882;201;0.135445402376354
882;222;0.00275221653282642
882;224;0.120744282659143
882;494;0.171676808642223
882;544;0.0579479563981295
882;611;0.052946105087176
882;821;0.137071638740599
882;918;0.0636065562255681
883;62;0.0169684470165521
883;108;0.152774929068983
883;183;0.120749785192311
883;283;0.179448201972991
883;401;0.196702220011503
883;724;0.0164954389445484
883;844;0.0849632939789444
883;876;0.0826455387752503
883;957;0.177448264043778
884;351;0.143978438200429
884;370;0.0490967900957912
884;458;0.185173834161833
884;580;0.0633434895891696
884;582;0.105134288733825
884;634;0.0803039290942252
884;729;0.032687750691548
884;766;0.0822066609747708
884;905;0.194636639533564
885;344;0.0618479338474572
885;391;0.128454723209143
885;392;0.10121157746762
885;426;0.12283353083767
885;575;0.179728394560516
885;658;0.158900334872305
885;775;0.198057375336066
885;778;0.0410203391220421
885;981;0.155337187414989
886;114;0.0826319735962898
886;145;0.163030597195029
886;407;0.141622076043859
886;494;0.0792389191221446
886;723;0.104356569051743
886;810;0.10179069461301
886;814;0.0645941602531821
886;959;0.0173000521026552
886;983;0.12088821772486
887;117;0.0148023531772196
887;189;0.0732956174761057
887;225;0.160335989063606
887;300;0.087962585221976
887;495;0.0283968830946833
887;547;0.0529851750005037
887;573;0.0191962126642466
887;825;0.119930052664131
887;925;0.193420533882454
888;273;0.0757143846247345
888;285;0.191784158023074
888;318;0.0735379290767014
888;332;0.164544870471582
888;512;0.0659191479440779
888;514;0.186294349748641
888;583;0.190929521247745
888;931;0.132846928946674
888;995;0.15876481840387
889;228;0.0710844062268734
889;455;0.167439376376569
889;519;0.120772252371535
889;609;0.0581984813790768
889;662;0.182031691074371
889;717;0.000209558149799705
889;782;0.0317368777003139
889;946;0.178182423720136
889;982;0.112770963832736
890;64;0.0552031566388905
890;219;0.0638279978185892
890;343;0.00184371089562774
890;443;0.077135536307469
890;489;0.124247018387541
890;514;0.153455796372145
890;635;0.178371675452217
890;692;0.0762803921476007
890;813;0.17369458633475
891;158;0.141312790242955
891;225;0.199035869957879
891;450;0.0760831545572728
891;473;0.11001848494634
891;653;0.091281520575285
891;730;0.0127747010905296
891;774;0.144930010056123
891;824;0.100696345791221
891;972;0.108229280961677
892;92;0.09614048874937
892;239;0.0137781568802893
892;300;0.145914425887167
892;329;0.0466685819905251
892;354;0.168628322286531
892;384;0.0459225233644247
892;395;0.191969942394644
892;894;0.0829427276737988
892;919;0.0575553449336439
893;146;0.0326404383406043
893;213;0.0178273673169315
893;252;0.178870625980198
893;359;0.0725776983425021
893;499;0.00597617966122925
893;524;0.138707052357495
893;788;0.0149919631890953
893;809;0.12323718611151
893;856;0.11250363024883
894;103;0.164919743034989
894;216;0.0522015930619091
894;247;0.106972952699289
894;520;0.0754662523046136
894;574;0.0579286781605333
894;768;0.0467720972374082
894;819;0.0646967750973999
894;870;0.105848030140623
894;892;0.0449033415876329
895;147;0.195467705978081
895;153;0.113260554568842
895;195;0.151615761965513
895;305;0.0951864668633789
895;632;0.18393920310773
895;651;0.124011371424422
895;671;0.00772388456389308
895;784;0.0529001564253122
895;977;0.139637729199603
896;131;0.0760005213320255
896;252;0.0434537435416132
896;531;0.175109336525202
896;584;0.0829923661891371
896;670;0.149366023484617
896;684;0.092359687294811
896;838;0.162610049592331
896;947;0.0188327271025628
896;993;0.0392526864074171
897;52;0.188034733338282
897;119;0.0106771500315517
897;387;0.00448416559956968
897;541;0.0254918988794088
897;777;0.15952861183323
897;862;0.12919972310774
897;867;0.147713262215257
897;899;0.145429607154801
897;993;0.183519667526707
898;65;0.197778269601986
898;410;0.0127373882103711
898;616;0.125933418283239
898;644;0.00185172981582582
898;753;0.00430500521324575
898;761;0.0476762876380235
898;911;0.0985856215935201
898;992;0.169095725612715
898;1000;0.00771497199311853
899;185;0.171723103895783
899;359;0.146853941166773
899;487;0.120200349250808
899;506;0.0868482837919146
899;646;0.132992020901293
899;662;0.0185308250132948
899;762;0.188040496828035
899;801;0.102210916066542
899;897;0.143300741771236
900;120;0.00886983149684966
900;149;0.184693766292185
900;169;0.0483298317529261
900;356;0.0617173035629094
900;357;0.121556927682832
900;446;0.0798490277957171
900;555;0.0260630436241627
900;556;0.117033119685948
900;628;0.174637906439602
901;167;0.159822076000273
901;282;0.152904757577926
901;298;0.162266640737653
901;323;0.128842871729285
901;410;0.0373854062985629
901;513;0.010201768623665
901;595;0.0824788628611714
901;716;0.0172396535985172
901;847;0.0165041039697826
902;108;0.070303313061595
902;150;0.0371852660551667
902;313;0.191354663157836
902;604;0.161909859348089
902;631;0.0850099970586598
902;783;0.130823342083022
902;816;0.183152019558474
902;951;0.0169465254992247
902;981;0.170160043006763
903;149;0.0580456331372261
903;241;0.0487793708685786
903;375;0.0564546510577202
903;477;0.0153773123398423
903;504;0.0840242422185838
903;668;0.00621322900988162
903;704;0.133315852144733
903;929;0.0980754984077066
903;944;0.0678022183477879
904;82;0.0433660022448748
904;168;0.153776027867571
904;197;0.198082209890708
904;343;0.153195676626638
904;539;0.0876148349139839
904;582;0.0327290285378695
904;823;0.130819227220491
904;834;0.17166025582701
904;962;0.0607218491844833
905;114;0.166017097700387
905;311;0.0207759456243366
905;335;0.105032404093072
905;590;0.101157761365175
905;759;0.0414810407906771
905;884;0.00859033716842532
905;936;0.151079311873764
905;991;0.125061525776982
905;1000;0.130034277401865
906;223;0.0757459889631718
906;321;0.16394261540845
906;344;0.0636159632354975
906;352;0.000143241696059704
906;482;0.0800899136811495
906;514;0.00493744369596243
906;548;0.0315341552719474
906;739;0.181333802407607
906;948;0.117643271526322
907;440;0.160389689169824
907;507;0.0140301776584238
907;569;0.196283530863002
907;728;0.0427713147364557
907;737;0.0815484010614455
907;846;0.0292155195958912
907;908;0.103404493117705
907;956;0.0817330856341869
907;1000;0.0329521956387907
908;350;0.114534120541066
908;596;0.0410932267550379
908;699;0.179613806400448
908;720;0.0707725717686117
908;907;0.0713440550025553
908;946;0.113325940817595
908;958;0.173446005908772
908;991;0.15206010802649
908;998;0.0367259030230343
909;7;0.0325287778861821
909;100;0.0180488110985607
909;125;0.0446553811430931
909;394;0.071500862762332
909;476;0.153544861357659
909;629;0.146872035134584
909;880;0.0731026522349566
909;976;0.0719553896225989
909;984;0.194000804936513
910;23;0.0878306836821139
910;121;0.110123516712338
910;210;0.171304223779589
910;391;0.0443045150488615
910;429;0.0714707310777158
910;685;0.0425463235937059
910;799;0.141668476862833
910;838;0.114772757794708
910;940;0.0541090880986303
911;107;0.0171623414382339
911;252;0.00531541360542178
911;258;0.172249511443079
911;427;0.0370003073941916
911;564;0.0886643161065876
911;587;0.109882017923519
911;761;0.000172820594161749
911;819;0.108201983943582
911;898;0.0725198530126363
912;145;0.187081582564861
912;247;0.0385901644825935
912;487;0.018293041177094
912;505;0.0403499705716968
912;543;0.0580162138212472
912;576;0.0853446335531771
912;722;0.0925604610703886
912;816;0.0437784923240542
912;880;0.1917950917501
913;334;0.028013166366145
913;345;0.0109578887932003
913;442;0.103870329167694
913;547;0.0747007500380278
913;789;0.00316548086702824
913;941;0.155295572848991
913;945;0.122719090385363
913;976;0.133902742341161
913;987;0.0742011229973286
914;65;0.0409315266646445
914;335;0.12561159580946
914;412;0.0132165749091655
914;476;0.189532032934949
914;502;0.177243265509605
914;509;0.0160417822189629
914;516;0.073103853315115
914;549;0.0144847413990647
914;760;0.0944295014254749
915;96;0.0301322587765753
915;105;0.178808679524809
915;201;0.0844227329362184
915;462;0.121694654598832
915;482;0.0109372624661773
915;605;0.154830571636558
915;687;0.0778501441236585
915;720;0.121129609644413
915;974;0.139718556310982
916;100;0.183221208397299
916;187;0.0470875472761691
916;333;0.0549788283184171
916;355;0.00460606166161597
916;398;0.130043662525713
916;413;0.167200243519619
916;441;0.198940804461017
916;507;0.160115973465145
916;750;0.185743205389008
917;97;0.0500243935268372
917;144;0.0742930812295526
917;473;0.0257629268337041
917;630;0.108720045536757
917;636;0.0105065155308694
917;664;0.108675844082609
917;746;0.155452013434842
917;881;0.0571091330610216
917;923;0.0300998108927161
918;262;0.0264385461807251
918;296;0.166664619883522
918;408;0.0163932295050472
918;417;0.0365217383485287
918;470;0.0874541982542724
918;517;0.0508248359430581
918;544;0.196765824779868
918;735;0.15432254797779
918;882;0.138044447498396
919;181;0.141911830194294
919;372;0.0324847712181509
919;395;0.12704163803719
919;591;0.182598142232746
919;659;0.146132296090946
919;661;0.162132669519633
919;828;0.0774404624477029
919;892;0.0948687695898116
919;944;0.000532324239611626
920;211;0.158349386230111
920;355;0.0817877783905715
920;475;0.0101850498933345
920;481;0.079793392540887
920;493;0.0838183938525617
920;560;0.156379689089954
920;707;0.190008806064725
920;708;0.126016535749659
920;874;0.00364012927748263
921;70;0.164264459861442
921;154;0.134035520255566
921;450;0.134340874757618
921;523;0.0670259505975992
921;601;0.129630366247147
921;648;0.0441045621410012
921;657;0.132494562072679
921;958;0.152127349423245
921;991;0.128031049715355
922;361;0.082503701839596
922;550;0.0915914055425674
922;614;0.196209570579231
922;712;0.112690711673349
922;757;0.143484229594469
922;802;0.00694839931093156
922;806;0.0808452646248043
922;851;0.194395874207839
922;880;0.0859073439147323
923;186;0.0279733411967754
923;278;0.0190944543108344
923;455;0.173751376010478
923;456;0.0553948265034705
923;571;0.0501229217741638
923;655;0.130631157523021
923;728;0.10900679291226
923;817;0.0700836819130927
923;917;0.0488969773985446
924;279;0.00828013154678047
924;383;0.0110942244995385
924;499;0.00769353345967829
924;522;0.144605266163126
924;628;0.158720095083117
924;629;0.151837810035795
924;771;0.199517118511721
924;796;0.173864466976374
924;855;0.0813574531115592
925;89;0.14883686429821
925;98;0.0448463727720082
925;307;0.175780809856951
925;424;0.0303697366733104
925;558;0.159470183216035
925;568;0.174082489032298
925;808;0.184214684600011
925;836;0.169816750846803
925;887;0.101801483519375
926;294;0.179044955875725
926;384;0.142615711456165
926;525;0.0483654173556715
926;558;0.156002910947427
926;645;0.165433269692585
926;662;0.106848934758455
926;676;0.0277950189076364
926;832;0.122577959066257
926;971;0.0728675146587193
927;160;0.159570438880473
927;165;0.182389945816249
927;169;0.06945213037543
927;421;0.182822812534869
927;614;0.187088823085651
927;639;0.0115819603670388
927;876;0.0916373061481863
927;946;0.148672788310796
927;951;0.0526851826813072
928;35;0.0847653194796294
928;148;0.0230380897875875
928;243;0.119488513143733
928;530;0.00385289280675352
928;652;0.165255160816014
928;669;0.0391347648110241
928;814;0.0337654313072562
928;832;0.0885140295140445
928;881;0.144624572852626
929;83;0.0669684809166938
929;381;0.0237479785457253
929;503;0.190850309375674
929;570;0.154342986084521
929;690;0.0779088404495269
929;769;0.177544182306156
929;793;0.0249921639915556
929;903;0.0400783373508602
929;974;0.146869534254074
930;274;0.198310494516045
930;423;0.190677021117881
930;446;0.0420980962458998
930;522;0.125454768491909
930;644;0.129668232332915
930;655;0.0273984997533262
930;700;0.175505223078653
930;975;0.161541652539745
930;994;0.0372761595062912
931;108;0.0115259107667953
931;189;0.130331229278818
931;259;0.179449325893074
931;317;0.0505186677910388
931;520;0.0759359400719404
931;594;0.05424295803532
931;772;0.141330806864426
931;865;0.0853242135141045
931;888;0.0357627631165087
932;194;0.152253271406516
932;467;0.0406887069344521
932;490;0.0672578416299075
932;565;0.117968146782368
932;605;0.0856541481334716
932;663;0.114021423505619
932;704;0.114044830482453
932;792;0.113216649601236
932;857;0.0947329730726779
933;89;0.0579704101663083
933;186;0.188310438813642
933;552;0.189872089447454
933;696;0.0542405491229147
933;697;0.0771736019290984
933;733;0.193830909533426
933;780;0.0268678134307265
933;828;0.0416453059297055
933;976;0.00797696406953037
934;150;0.0842709111049771
934;330;0.00610393774695694
934;418;0.0285942233167589
934;674;0.0974767006933689
934;795;0.00759062496945262
934;838;0.122169514559209
934;853;0.000626266654580832
934;858;0.189424976147711
934;949;0.17284561037086
935;227;0.0239265359938145
935;346;0.0377558441832662
935;485;0.028863620525226
935;642;0.0943239980842918
935;757;0.0943457185756415
935;781;0.0658876348286867
935;796;0.0409866856876761
935;820;0.144058283884078
935;989;0.137074808962643
936;106;0.127210480021313
936;247;0.160744272312149
936;301;0.0831586200278252
936;404;0.0587125845719129
936;665;0.0090861473698169
936;768;0.0352381446398795
936;873;0.00348674743436277
936;905;0.110556595306844
936;964;0.139372206898406
937;193;0.179155759420246
937;435;0.163765418017283
937;677;0.131543521769345
937;751;0.064320412138477
937;760;0.196110593061894
937;822;0.144441323447973
937;861;0.0489176361821592
937;938;0.0966861292719841
937;962;0.156942654028535
938;153;0.0578966052737087
938;161;0.11717315861024
938;398;0.0362971276510507
938;448;0.0468739641830325
938;479;0.146754518011585
938;503;0.129024336533621
938;505;0.125441638100892
938;937;0.056764193251729
938;969;0.0273912791162729
939;1;0.0418831745162606
939;160;0.174091650359333
939;161;0.138633636711165
939;214;0.120412286417559
939;366;0.0990018429234624
939;426;0.0850466479547322
939;662;0.0993274241220206
939;707;0.192178634088486
939;723;0.044277834193781
940;6;0.147371719218791
940;351;0.105666963709518
940;379;0.0174878799822181
940;417;0.0869565041735768
940;512;0.155127523140982
940;556;0.17266912679188
940;748;0.168998491810635
940;910;0.057472634036094
940;971;0.196584532409906
941;83;0.130448557483032
941;287;0.137954823113978
941;290;0.0588724868372083
941;299;0.118341518845409
941;399;0.142325434181839
941;453;0.121902649849653
941;581;0.0732120490632951
941;601;0.198642691690475
941;913;0.181074965139851
942;40;0.196679131500423
942;230;0.138808448379859
942;419;0.0880276795476675
942;491;0.058387336647138
942;500;0.127395437844098
942;517;0.113299837708473
942;761;0.107995627261698
942;816;0.0397143393289298
942;962;0.165982601372525
943;40;0.0379204662982374
943;53;0.0714919622056186
943;203;0.122274661669508
943;204;0.14083168162033
943;282;0.0378755322191864
943;506;0.170301870210096
943;712;0.1786745804362
943;721;0.146303049428388
943;834;0.0787969192955643
944;69;0.136534825479612
944;257;0.0113375964108855
944;427;0.102329662116244
944;558;0.166455509187654
944;591;0.121382484119385
944;654;0.174908896675333
944;903;0.182617853349075
944;919;0.0464465865399689
944;996;0.120500300871208
945;202;0.0857650429941714
945;260;0.0243825069162995
945;393;0.0683023867197335
945;568;0.181400135485455
945;581;0.160998352477327
945;734;0.0189073492772877
945;749;0.0531932532787323
945;756;0.0815673470497131
945;913;0.141017767367885
946;20;0.0745013550389558
946;199;0.152109731873497
946;490;0.0189288812223822
946;621;0.0127767787314951
946;829;0.145354432333261
946;889;0.0737629458773881
946;908;0.0697599268518388
946;927;0.0536128951236606
946;981;0.0623344593681395
947;191;0.0374442843254656
947;355;0.0904900198802352
947;561;0.0685419908724725
947;592;0.107572042755783
947;719;0.0119050960056484
947;767;0.115287114633247
947;896;0.138243630155921
947;984;0.173671907186508
947;993;0.0174446397460997
948;14;0.058598643867299
948;45;0.139255656581372
948;128;0.0867247615940869
948;191;0.0730180056300014
948;460;0.0994697906542569
948;484;0.148177528800443
948;633;0.170950178056955
948;696;0.0763498236890882
948;906;0.180950887594372
949;214;0.109139232710004
949;226;0.0941200856119394
949;316;0.149795042071491
949;383;0.109191534901038
949;595;0.0906857343390584
949;685;0.182879193499684
949;743;0.0511003024410456
949;833;0.0555730221327394
949;934;0.114494156977162
950;67;0.159622727474198
950;255;0.116516038961709
950;369;0.103219904657453
950;474;0.146389004029334
950;618;0.120882329484448
950;725;0.0992313219700009
950;824;0.101253963727504
950;959;0.136341247195378
950;984;0.0900402272120118
951;124;0.192743295617402
951;617;0.183310826541856
951;619;0.173052357882261
951;790;0.0237942342180759
951;815;0.127345593040809
951;816;0.123372202180326
951;817;0.152571018179879
951;902;0.100017044041306
951;927;0.0916504321619868
952;71;0.0682192211505026
952;72;0.103862422239035
952;326;0.0112324764952064
952;344;0.139038883987814
952;513;0.176407986460254
952;658;0.0509128181263804
952;684;0.062026421027258
952;724;0.0366346626076847
952;965;0.0650294060818851
953;9;0.0583149080164731
953;142;0.1981215685606
953;456;0.169608889613301
953;458;0.0895624108146876
953;489;0.0037685938179493
953;535;0.170672155311331
953;753;0.172836145199835
953;844;0.149867845047265
953;997;0.192774641653523
954;20;0.0448669532779604
954;57;0.0642666826490313
954;610;0.10994094167836
954;649;0.0656359624117613
954;675;0.15492469468154
954;711;0.195599251799285
954;849;0.00573450867086649
954;866;0.126847306033596
954;869;0.098499405477196
955;49;0.0233885715249926
955;162;0.075374587578699
955;234;0.09188228007406
955;251;0.0582466273568571
955;309;0.112367880623788
955;353;0.0751128685194999
955;431;0.0880232401192188
955;618;0.141957359900698
955;836;0.00877599040977657
956;46;0.176689079962671
956;107;0.0219088977668434
956;521;0.0091838255058974
956;573;0.0574480867013335
956;598;0.00759794311597943
956;670;0.192273429315537
956;734;0.0709832695312798
956;907;0.109031981462613
956;962;0.11652563479729
957;75;0.0680943372193724
957;90;0.0184879192151129
957;225;0.0995861987583339
957;366;0.192058669496328
957;396;0.199166212277487
957;414;0.0215760253835469
957;419;0.0620868265163153
957;482;0.0559623303823173
957;883;0.0218146328814328
958;105;0.189518904127181
958;196;0.103824161598459
958;608;0.055893264291808
958;664;0.0848105112090707
958;755;0.0935034496244043
958;777;0.158933850657195
958;784;0.0530204339884222
958;908;0.101826628530398
958;921;0.0465174289885908
959;29;0.17179330107756
959;48;0.00970024089328945
959;377;0.137145442562178
959;514;0.19585794522427
959;632;0.0216177030466497
959;753;0.140217778552324
959;779;0.0578366891480982
959;886;0.197166764223948
959;950;0.0122865650802851
960;185;0.0320629934314638
960;356;0.0315373939462006
960;400;0.120336919091642
960;411;0.0970688396599144
960;439;0.0195738662965596
960;487;0.145420246990398
960;806;0.128161012334749
960;829;0.0508227996528149
960;973;0.118603837490082
961;55;0.0689131996594369
961;286;0.190008335281163
961;512;0.148688481235877
961;528;0.0127269233111292
961;596;0.136466292804107
961;600;0.0314917120151222
961;803;0.0151159492786974
961;832;0.07962382780388
961;852;0.186516790790483
962;95;0.114506799494848
962;489;0.0736441824119538
962;570;0.0789521816652268
962;635;0.109071252681315
962;874;0.100891366275027
962;904;0.0429723346140236
962;937;0.12961747366935
962;942;0.149964874051511
962;956;0.192805594531819
963;93;0.108482282375917
963;207;0.117612887220457
963;467;0.0435027142986655
963;532;0.162416582228616
963;691;0.174267343757674
963;695;0.0248283927794546
963;707;0.146141911344603
963;774;0.0801516084931791
963;860;0.151072577247396
964;233;0.161458929209039
964;291;0.182106796465814
964;361;0.00700239008292556
964;504;0.151062972098589
964;551;0.184712453652173
964;666;0.195749862492085
964;699;0.0340013618580997
964;770;0.073494806047529
964;936;0.0067876233253628
965;115;0.00527053475379944
965;190;0.0145738895982504
965;360;0.10551367951557
965;636;0.00614016465842724
965;702;0.153899681195617
965;710;0.129777276329696
965;750;0.0948708929587156
965;838;0.192711583012715
965;952;0.160525865806267
966;135;0.159889452764764
966;203;0.0704640781506896
966;306;0.193359380401671
966;340;0.177661051834002
966;376;0.135977268498391
966;690;0.0790248528588563
966;702;0.115246780030429
966;716;0.0944467782974243
966;877;0.103301394078881
967;133;0.174048662558198
967;315;0.069356758473441
967;411;0.189425201527774
967;437;0.191697724862024
967;495;0.182947401329875
967;507;0.0133364710025489
967;657;0.0548217279370874
967;795;0.196164442040026
967;997;0.184668826218694
968;219;0.0256786612328142
968;230;0.0362699369434267
968;416;0.164480274543166
968;536;0.116825124248862
968;551;0.16381662725471
968;576;0.12323617557995
968;641;0.0506961484439671
968;803;0.113174800341949
968;984;0.186262328643352
969;443;0.137973095523193
969;454;0.126670154975727
969;533;0.135196219757199
969;587;0.0231704326812178
969;760;0.186841865209863
969;805;0.151448235707358
969;819;0.181675959937274
969;826;0.148072428628802
969;938;0.178970459708944
970;141;0.0358708395622671
970;341;0.0957829361315817
970;402;0.183226727833971
970;508;0.11844664090313
970;530;0.161840172577649
970;689;0.172910922113806
970;700;0.158791659260169
970;729;0.0725386504083872
970;856;0.103115159226581
971;112;0.157138066366315
971;119;0.0952702856156975
971;162;0.0291696217376739
971;175;0.0513083787634969
971;227;0.10838702111505
971;474;0.167068610759452
971;680;0.0141922732815146
971;926;0.090812199935317
971;940;0.137446490721777
972;16;0.0651867045555264
972;491;0.165634304890409
972;525;0.0558828826993704
972;683;0.111528669111431
972;697;0.00946067268960178
972;782;0.00211022733710706
972;800;0.113523686910048
972;842;0.0424904958344996
972;891;0.126314927870408
973;101;0.0910351551137865
973;298;0.0881021014414728
973;413;0.130902936030179
973;550;0.103803698485717
973;555;0.14019287424162
973;769;0.0506055925507098
973;777;0.165613212483004
973;795;0.00260901739820838
973;960;0.101083592278883
974;61;0.0367273781448603
974;548;0.194527214346454
974;744;0.0778092827182263
974;778;0.0697950903791934
974;801;0.151441087108105
974;812;0.0454610023181886
974;824;0.0490375000052154
974;915;0.154500586958602
974;929;0.119296816457063
975;135;0.0591021212283522
975;201;0.0707628270611167
975;274;0.193338390998542
975;352;0.139407894713804
975;443;0.155394191714004
975;662;0.18063764362596
975;695;0.0158299666363746
975;727;0.176194141432643
975;930;0.13693770733662
976;38;0.106742509221658
976;93;0.0412301331292838
976;284;0.0623066886793822
976;315;0.00831651771441102
976;508;0.00142738814465702
976;779;0.125184818450362
976;909;0.120256891660392
976;913;0.193389396555722
976;933;0.043140536127612
977;133;0.0785996244288981
977;200;0.00755060371011496
977;587;0.157462547533214
977;617;0.117776721110567
977;658;0.123825180809945
977;807;0.113112171459943
977;817;0.119588627573103
977;867;0.170606886921451
977;895;0.0496294458396733
978;272;0.0279546213336289
978;394;0.116999535495415
978;432;0.0808818356599659
978;476;0.194659042684361
978;559;0.076791222859174
978;560;0.144815370999277
978;574;0.125050773983821
978;636;0.0821447296533734
978;678;0.0156605838332325
979;107;0.0874369385652244
979;171;0.19937756289728
979;345;0.00623681046999991
979;488;0.0987951796036214
979;519;0.0534767248667777
979;675;0.101899175019935
979;684;0.039769955072552
979;771;0.0571327512152493
979;997;0.186810381058604
980;42;0.198443714808673
980;179;0.065189618896693
980;191;0.190697939414531
980;456;0.108260159101337
980;557;0.0799100347328931
980;609;0.137652625376359
980;731;0.0151766263879836
980;824;0.158658293960616
980;845;0.0207624736241996
981;120;0.102983403578401
981;489;0.193965378170833
981;503;0.0514849851373583
981;586;0.0687808211892843
981;810;0.193135163374245
981;822;0.106632970785722
981;885;0.0751616314519197
981;902;0.048838948039338
981;946;0.192783542210236
982;416;0.146325414720923
982;559;0.141290731169283
982;582;0.0111470251344144
982;608;0.172613473515958
982;614;0.0745121337939054
982;616;0.022088959114626
982;710;0.142652647616342
982;889;0.130450660968199
982;986;0.00747944489121437
983;5;0.104825280467048
983;135;0.137680408870801
983;176;0.116779513796791
983;502;0.0799156266264617
983;591;0.120411064662039
983;854;0.0420472228433937
983;857;0.0363536611199379
983;871;0.0266090915538371
983;886;0.147301970468834
984;79;0.138670261995867
984;98;0.188264182955027
984;527;0.181564580416307
984;830;0.128371127136052
984;848;0.010918370867148
984;909;0.0245990609750152
984;947;0.197580423718318
984;950;0.0492866188753396
984;968;0.182820262527093
985;159;0.109001466399059
985;228;0.193924430618063
985;269;0.149765895074233
985;353;0.0376798142679036
985;509;0.140833110315725
985;647;0.0267934695351869
985;689;0.0571950539946556
985;776;0.0524028355721384
985;875;0.0037452382966876
986;2;0.0271938644349575
986;317;0.11633869772777
986;547;0.0143138332758099
986;597;0.126638941746205
986;704;0.00461479225195944
986;761;0.0845126774162054
986;827;0.157789061358199
986;982;0.0599538187496364
986;990;0.126949687302113
987;17;0.175218297773972
987;66;0.116261887503788
987;287;0.0472011568956077
987;339;0.153250812692568
987;340;0.187469262210652
987;368;0.171404773276299
987;557;0.197449702676386
987;779;0.0951287125702947
987;913;0.0268260752782226
988;48;0.0871633052825928
988;104;0.0411713219247758
988;183;0.027073530619964
988;231;0.14270876259543
988;268;0.0740817979443818
988;292;0.0191947328392416
988;549;0.141894116206095
988;667;0.106059166090563
988;706;0.101947671361268
989;154;0.0301734899636358
989;190;0.0917288489639759
989;353;0.196657414501533
989;447;0.0339938339777291
989;537;0.0942138289101422
989;633;0.167161468137056
989;708;0.0225441672373563
989;756;0.117050137603655
989;935;0.194182895403355
990;119;0.152453489368781
990;210;0.0949438103940338
990;350;0.0280112962704152
990;531;0.0612451558001339
990;686;0.0864706940483302
990;800;0.0218198186252266
990;847;0.0309194469824433
990;874;0.000441243592649698
990;986;0.084964447747916
991;277;0.0863961143884808
991;337;0.0890878233127296
991;404;0.0228546915575862
991;437;0.105802148999646
991;485;0.0892508849967271
991;487;0.0999597944319248
991;905;0.186442262725905
991;908;0.126199771557003
991;921;0.0797001414466649
992;200;0.184591294778511
992;322;0.198914503538981
992;384;0.0319556684233248
992;439;0.141746292077005
992;454;0.0269332729279995
992;570;0.150793185876682
992;624;0.0616412438452244
992;898;0.042432670481503
992;993;0.0350969324354082
993;176;0.0381129798013717
993;546;0.101800356758758
993;655;0.155080406181514
993;696;0.0666550675872713
993;793;0.0525037140585482
993;896;0.146803676895797
993;897;0.186278914380819
993;947;0.116799544775859
993;992;0.135670177964494
994;139;0.0911874838639051
994;194;0.181657627783716
994;445;0.175019545620307
994;455;0.0537143815774471
994;529;0.0418538046069443
994;567;0.085994796641171
994;617;0.0467030000407249
994;831;0.128418459370732
994;930;0.00331632061861455
995;22;0.142482999665663
995;47;0.164689415693283
995;263;0.160509018693119
995;269;0.184636656800285
995;607;0.0536479941569269
995;680;0.0862266538664699
995;739;0.128626618394628
995;840;0.169889813940972
995;888;0.109248445741832
996;186;0.0909914255607873
996;299;0.177050412585959
996;438;0.0499224285129458
996;569;0.116892406065017
996;706;0.101429271604866
996;732;0.113288189703599
996;804;0.0567022652365267
996;863;0.11806507492438
996;944;0.135887966258451
997;8;0.113770251441747
997;628;0.138140491116792
997;718;0.0515557660721242
997;724;0.00367013863287866
997;803;0.163221490383148
997;850;0.00508207161910832
997;953;0.168323237029836
997;967;0.094525929260999
997;979;0.15553833222948
998;90;0.122650999901816
998;111;0.108057952579111
998;644;0.0664469357114285
998;657;0.139340244513005
998;706;0.145779106719419
998;773;0.0537559287622571
998;813;0.141246550483629
998;848;0.186502218712121
998;908;0.196965901693329
999;314;0.134443402290344
999;347;0.124892244767398
999;425;0.0044475476257503
999;498;0.11551277115941
999;568;0.147880084253848
999;634;0.167513722693548
999;701;0.0189115789253265
999;722;0.00259269378148019
999;851;0.076535313250497
1000;558;0.11564620169811
1000;673;0.0770329298917204
1000;732;0.0662746994290501
1000;737;0.154952626721933
1000;845;0.18743446986191
1000;850;0.0836597562767565
1000;898;0.0525580012239516
1000;905;0.0109420655295253
1000;907;0.0069687157869339
