"V1";"V2";"edgeweight"
1;555;0.197010653745383
1;811;0.0782070351298899
1;867;0.0558239553589374
2;222;0.12902836157009
2;347;0.143660030094907
2;454;0.152130955224857
3;99;0.113941619405523
3;354;0.0603256198111922
3;449;0.100637837452814
4;559;0.0798675717320293
4;879;0.142867414327338
4;962;0.0142182450741529
5;134;0.0158994801808149
5;296;0.0673804656602442
5;524;0.170132840285078
6;148;0.119401768734679
6;485;0.160337104229257
6;742;0.0453798587433994
7;450;0.187513249041513
7;673;0.195592304179445
7;778;0.107488038670272
8;69;0.144919061241671
8;643;0.0852531876880676
8;971;0.012879300955683
9;10;0.00476985690183938
9;43;0.0142707760445774
9;983;0.16256453897804
10;9;0.0521084513049573
10;757;0.170434496831149
10;989;0.164585748966783
11;137;0.0593354932032526
11;297;0.16198134124279
11;954;0.160348278749734
12;487;0.0439570794813335
12;722;0.038543189316988
12;802;0.130683660740033
13;50;0.106741834944114
13;164;0.00295437788590789
13;738;0.0229761055670679
14;425;0.146605498623103
14;769;0.0368648343719542
14;997;0.066859378805384
15;409;0.0649421747308224
15;448;0.105788811855018
15;510;0.0341036361642182
16;199;0.128533926373348
16;503;0.075778050487861
16;989;0.150540691753849
17;337;0.155673935869709
17;678;0.105259343842044
17;887;0.195106534846127
18;647;0.171355319116265
18;916;0.155650211824104
18;965;0.0689508334267885
19;603;0.106316493125632
19;749;0.194866851205006
19;885;0.0747075661551207
20;90;0.0685329194180667
20;391;0.176832259865478
20;537;0.196046245517209
21;604;0.128852504026145
21;847;0.176421160437167
21;912;0.199121257057413
22;73;0.132046908792108
22;755;0.127491198899224
22;968;0.0338930831756443
23;520;0.10388469370082
23;529;0.109293319284916
23;824;0.127852396620438
24;297;0.0169632303528488
24;696;0.198793029272929
24;869;0.0165460334159434
25;436;0.00126274339854717
25;938;0.179088049614802
25;995;0.161662672786042
26;74;0.191419280134141
26;330;0.195819944143295
26;859;0.0506209500133991
27;571;0.140499329240993
27;802;0.0756082313135266
27;844;0.183025985490531
28;429;0.0132056793663651
28;570;0.128817876707762
28;873;0.178404790721834
29;669;0.136750383907929
29;732;0.115318257920444
29;755;0.0974292716942728
30;70;0.172646696399897
30;104;0.123194036912173
30;478;0.102644402394071
31;362;0.0123847410548478
31;439;0.105992116313428
31;874;0.0619725652039051
32;808;0.136281905556098
32;837;0.103412875998765
32;884;0.0578452629502863
33;565;0.0264341076370329
33;630;0.126953323790804
33;718;0.0355447655078024
34;145;0.0230222861748189
34;341;0.135748860100284
34;594;0.151982371369377
35;217;0.191772041702643
35;443;0.0143722741864622
35;776;0.118638719478622
36;421;0.00171380992978811
36;697;0.0381040678359568
36;762;0.109598959842697
37;281;0.165436112089083
37;691;0.137360000517219
37;996;0.100193336699158
38;476;0.114520494779572
38;896;0.161826210655272
38;963;0.0850562098901719
39;364;0.092530758632347
39;420;0.18349495367147
39;797;0.150098329223692
40;60;0.166698434250429
40;383;0.130750951357186
40;509;0.0149902726523578
40;667;0.00147957736626267
41;321;0.00304790954105556
41;378;0.128103748569265
41;618;0.155178127856925
41;877;0.173293066956103
42;157;0.104545333888382
42;210;0.089185903314501
42;238;0.0295103131793439
42;888;0.068107983795926
43;9;0.0142854927573353
43;372;0.0612890638876706
43;844;0.109749334212393
43;957;0.00780525854788721
44;185;0.100807498954237
44;854;0.171903766784817
44;926;0.0752532409969717
44;943;0.0824152985122055
45;392;0.0752806372009218
45;405;0.168520573852584
45;419;0.19885448301211
45;524;0.0674804174341261
46;225;0.000950127327814698
46;393;0.0657418312039226
46;763;0.0493419324513525
46;872;0.190400114282966
47;430;0.0629266739357263
47;543;0.131146125309169
47;698;0.147158485231921
47;706;0.0549278887920082
48;567;0.000241677043959498
48;681;0.148936964850873
48;841;0.163685287674889
48;865;0.172167175589129
49;738;0.18751078909263
49;806;0.108463894343004
49;954;0.156791511550546
49;985;0.116023595444858
50;13;0.0837398171890527
50;776;0.120324810128659
50;800;0.135522173624486
50;858;0.00695936218835413
51;238;0.0818266381043941
51;246;0.0553565755020827
51;321;0.180683405417949
51;857;0.0773796522524208
52;243;0.179981584195048
52;630;0.185379836009815
52;832;0.193445379612967
52;920;0.0594130758196116
53;321;0.104962804960087
53;347;0.176697587082163
53;474;0.0205737874377519
53;723;0.0908456271979958
54;517;0.124211602890864
54;577;0.0023220214061439
54;582;0.0505704214796424
54;982;0.0044952480122447
55;482;0.0305585445836186
55;505;0.0452987833879888
55;657;0.0962846368085593
55;852;0.0018828806001693
56;291;0.169656032742932
56;791;0.0348474125843495
56;911;0.017822276847437
56;968;0.197880727984011
57;533;0.0425569090992212
57;646;0.141226874710992
57;695;0.0588032554835081
57;728;0.0684293870814145
58;153;0.157545536803082
58;477;0.149932172568515
58;533;0.032414577761665
58;682;0.0581801602151245
59;212;0.173816597927362
59;690;0.150044489931315
59;711;0.110720056062564
59;816;0.128664553491399
60;40;0.0995813532266766
60;241;0.0689407376106829
60;531;0.105629354855046
60;808;0.0383982583414763
61;176;0.186006664903834
61;394;0.137184638855979
61;405;0.181061425432563
61;876;0.136130216531456
62;431;0.197692176513374
62;459;0.0769571956247091
62;476;0.140973741561174
62;535;0.0347040414344519
63;376;0.00144418650306761
63;724;0.0747212721500546
63;726;0.165723651275039
63;943;0.154198360443115
64;207;0.0360819593537599
64;226;0.0648299887776375
64;759;0.106813714606687
64;974;0.137622973229736
65;330;0.0705165726598352
65;343;0.0490223154891282
65;965;0.117496489640325
65;982;0.160212423093617
66;111;0.0284657657612115
66;236;0.0466717977076769
66;296;0.0564330913126469
66;691;0.115257700998336
67;330;0.0987217293586582
67;527;0.118595487717539
67;689;0.0428611513227224
67;855;0.0173139529302716
68;279;0.12097626500763
68;319;0.0348524832166731
68;582;0.0332202783320099
68;967;0.00756896403618157
69;8;0.134964445279911
69;297;0.199658464780077
69;550;0.0579516218975186
69;551;0.0960533081088215
70;30;0.132439193548635
70;385;0.0649471760261804
70;658;0.117031387519091
70;1000;0.037650849390775
71;336;0.152045164909214
71;523;0.0224666339345276
71;543;0.116887804307044
71;604;0.00804586512967944
72;509;0.0751139916013926
72;692;0.062853113329038
72;740;0.041868154425174
72;819;0.14392615375109
73;22;0.137067464599386
73;200;0.142383264750242
73;281;0.194517946057022
73;589;0.054509805329144
74;26;0.0978499160613865
74;360;0.100225308397785
74;400;0.14456751877442
74;402;0.10170258465223
75;139;0.153146365145221
75;653;0.0869723373558372
75;727;0.0574053794145584
75;915;0.0278580618090928
76;194;0.0861558518838137
76;321;0.00980428084731102
76;501;0.152756536705419
76;692;0.16919413539581
77;153;0.0189390838611871
77;445;0.0875120725482702
77;610;0.143395752971992
77;989;0.0192913100123405
78;504;0.0147634213324636
78;547;0.0374302589334548
78;589;0.16088928966783
78;607;0.102466687606648
79;250;0.0492082203738391
79;609;0.0485659665893763
79;904;0.0654007510747761
79;977;0.151278452062979
80;354;0.0718818802852184
80;366;0.12208154629916
80;492;0.126110419956967
80;677;0.00461901766248047
81;573;0.133942960156128
81;612;0.0814225867856294
81;724;0.11188628366217
81;932;0.107517544552684
82;686;0.159797048568726
82;744;0.083691735798493
82;836;0.146201448980719
82;917;0.00771862934343517
83;168;0.0349964534398168
83;422;0.134933213936165
83;728;0.116832361742854
83;982;0.0213185487315059
84;92;0.0270474616903812
84;604;0.0147427171003073
84;636;0.0167858572211117
84;931;0.0681305864825845
85;507;0.178844742756337
85;558;0.154737422708422
85;630;0.165182945411652
85;831;0.0333532995078713
86;344;0.179430662235245
86;428;0.199642402352765
86;912;0.114479823829606
86;954;0.197356427786872
87;461;0.014860286610201
87;570;0.0378063524141908
87;736;0.134354465547949
87;989;0.185015247156844
88;245;0.153617632109672
88;541;0.0515617210883647
88;655;0.000564529933035374
88;967;0.0171531212516129
89;577;0.118073391448706
89;578;0.127201548404992
89;580;0.0421694044489413
89;602;0.127582131000236
90;20;0.106044289795682
90;190;0.0840789448004216
90;452;0.0952152998186648
90;581;0.0665254199877381
90;635;0.014803949277848
91;267;0.162156110815704
91;589;0.0752128733322024
91;876;0.185998914064839
91;919;0.0804188020993024
91;949;0.0209224262274802
92;84;0.0672947799321264
92;317;0.155198701191694
92;519;0.0735352623742074
92;540;0.10167869143188
92;638;0.0245278576388955
93;494;0.0237330959644169
93;526;0.14288804391399
93;637;0.130670504458249
93;990;0.0476560161914676
93;992;0.0576329983770847
94;299;0.110340436222032
94;381;0.04038424519822
94;541;0.142899713106453
94;680;0.141862521413714
94;702;0.00774411698803306
95;225;0.0273389118723571
95;320;0.133073501475155
95;374;0.053579387255013
95;491;0.0229034626390785
95;682;0.174631513981149
96;140;0.0633644870482385
96;193;0.197147253761068
96;582;0.0552843113429844
96;736;0.0206936164293438
96;822;0.0131172779016197
97;179;0.0642974445596337
97;216;0.104125709878281
97;252;0.191637628432363
97;377;0.196358424285427
97;957;0.0547146305441856
98;203;0.102510043559596
98;226;0.153648242494091
98;325;0.110365861980245
98;468;0.179496219335124
98;576;0.114064942253754
99;3;0.092672827327624
99;507;0.00544102075509727
99;512;0.151234137639403
99;770;0.084148560045287
99;970;0.150302799604833
100;219;0.116966992337257
100;514;0.0597708220593631
100;673;0.0183493923395872
100;790;0.105214198958129
100;956;0.00423861993476748
101;464;0.123585908627138
101;652;0.0580612445715815
101;666;0.129821512894705
101;718;0.128037015208974
101;951;0.194044809555635
102;213;0.119823510246351
102;214;0.0819332452490926
102;423;0.0756458495743573
102;463;0.00106709841638803
102;784;0.133303442550823
103;121;0.0793485039379448
103;336;0.0488518522586674
103;557;0.0794444092083722
103;630;0.163355659274384
103;646;0.100527604902163
104;30;0.00359153957106173
104;282;0.0806182826403529
104;304;0.0814403767697513
104;582;0.19792242879048
104;750;0.153273092396557
105;270;0.0873885419685394
105;563;0.116264186380431
105;684;0.0704747435171157
105;909;0.0178737169131637
105;926;0.192452372983098
106;172;0.0325407173950225
106;200;0.190701738512144
106;506;0.068699996965006
106;708;0.145398270897567
106;928;0.0757160510867834
107;578;0.159518127841875
107;593;0.117652894882485
107;721;0.0861537890508771
107;806;0.176434421120211
107;959;0.0518772880546749
108;304;0.186201711557806
108;606;0.0684763560071588
108;647;0.114027524925768
108;656;0.179549555992708
108;816;0.13893696195446
109;125;0.0172479188535362
109;420;0.113853682996705
109;647;0.0964368624612689
109;659;0.1127747209277
109;964;0.142758315009996
110;381;0.064641139889136
110;529;0.0163638817612082
110;621;0.093903439398855
110;699;0.165656318515539
110;774;0.0950543090701103
111;66;0.0622912826482207
111;296;0.0842263815924525
111;317;0.0130888661835343
111;810;0.00442175581119955
111;919;0.180243395501748
112;211;0.0828449632041156
112;317;0.0493515918962657
112;403;0.170125737274066
112;844;0.125172030739486
112;862;0.116021265601739
113;277;0.155670096119866
113;499;0.123119278950617
113;550;0.169768959563226
113;572;0.191324038663879
113;935;0.0721000324003398
114;309;0.0230387250427157
114;497;0.141213992750272
114;524;0.0849803400225937
114;575;0.112744498532265
114;745;0.160084832692519
115;509;0.0845292329788208
115;610;0.11899115210399
115;621;0.180891124764457
115;804;0.13200271204114
115;933;0.0236481617204845
116;154;0.190371129103005
116;570;0.0769798954948783
116;593;0.0958067042287439
116;903;0.150518878828734
116;987;0.0179510268382728
117;321;0.106350456457585
117;500;0.147171321045607
117;625;0.122642781911418
117;705;0.109860410122201
117;809;0.0513298700097948
118;494;0.111443074792624
118;514;0.195530974632129
118;770;0.124303279677406
118;807;0.113950839219615
118;943;0.152598019037396
119;188;0.0763536187354475
119;474;0.0251391388941556
119;526;0.0547266886103898
119;641;0.140281966468319
119;956;0.0815254704561085
120;393;0.0776620984543115
120;453;0.0637460527941585
120;479;0.119851137930527
120;710;0.0987483618780971
120;937;0.0711466427426785
121;103;0.00694355443120003
121;658;0.179441335890442
121;858;0.0273120748344809
121;952;0.0387011725455523
121;973;0.160061339708045
122;141;0.176522019831464
122;230;0.150961052300408
122;327;0.102046777447686
122;547;0.195504494011402
122;618;0.0765811144374311
123;142;0.0514191607013345
123;491;0.178941173152998
123;651;0.165257385885343
123;839;0.127131892135367
123;847;0.128770744800568
124;155;0.0358748823404312
124;528;0.0606117087882012
124;780;0.119086455507204
124;781;0.113788721011952
124;810;0.12355220974423
125;109;0.0759300515521318
125;193;0.0101730831898749
125;303;0.137588420184329
125;752;0.168079508002847
125;963;0.146086280560121
126;247;0.0430376523640007
126;631;0.126133417896926
126;647;0.180675735604018
126;894;0.041241939086467
126;944;0.138685233099386
127;147;0.145474250568077
127;203;0.0418863764964044
127;204;0.148357869544998
127;550;0.0405633924063295
127;694;0.114181241765618
128;146;0.153953139716759
128;309;0.103991831699386
128;472;0.0118903308641166
128;605;0.16629275502637
128;676;0.00595570784062147
129;233;0.11502037695609
129;632;0.0375864041503519
129;686;0.156380355497822
129;754;0.0112976885866374
129;761;0.165555253066123
130;237;0.145073871919885
130;252;0.0978043705224991
130;812;0.15403465218842
130;904;0.0451098321937025
130;908;0.0103981238789856
131;156;0.181437987135723
131;262;0.0758683861698955
131;427;0.0240580030251294
131;889;0.16808714447543
131;950;0.0111508912406862
132;362;0.0712223049718887
132;401;0.195962947094813
132;830;0.104787102108821
132;868;0.187801758293062
132;892;0.0587151698302478
133;522;0.0541149641387165
133;542;0.0777994853444398
133;758;0.138632401265204
133;883;0.19655623040162
133;990;0.00160970203578472
134;5;0.0333709829486907
134;545;0.0828227014746517
134;693;0.0698998178355396
134;720;0.0534752971492708
134;827;0.101899637747556
135;199;0.092257965169847
135;290;0.1762489116285
135;666;0.16297495928593
135;714;0.100594257377088
135;927;0.040938336821273
136;479;0.0784232796635479
136;653;0.155298436060548
136;782;0.168631964642555
136;889;0.156800515856594
136;941;0.0466265957802534
137;11;0.101957223890349
137;596;0.129078920418397
137;742;0.126593002816662
137;764;0.18793951687403
137;964;0.11926862699911
138;534;0.0620281058363616
138;611;0.0517286464106292
138;654;0.050802363594994
138;709;0.0735923205967993
138;884;0.11344382003881
139;75;0.0370211682748049
139;403;0.121796870790422
139;616;0.0362370664719492
139;821;0.0495588121470064
139;898;0.0416529708076268
140;96;0.151251393510029
140;159;0.156230923021212
140;332;0.128553224634379
140;553;0.0753208195790648
140;985;0.0900813773274422
141;122;0.00591654628515244
141;387;0.0324136807117611
141;796;0.0874826302286238
141;817;0.082734200078994
141;829;0.0660697837360203
142;123;0.0380974730476737
142;278;0.0451301772613078
142;293;0.0498455414548516
142;335;0.0165475004352629
142;533;0.0790320352651179
143;248;0.182545959018171
143;454;0.0926178688183427
143;723;0.048376077786088
143;882;0.192982897302136
143;976;0.177297445666045
144;198;0.127026206022128
144;392;0.0138427263591439
144;451;0.0769995647948235
144;819;0.0612735896836966
144;862;0.0173055601771921
145;34;0.0623633306939155
145;806;0.117811978980899
145;879;0.135890632867813
145;893;0.147069330513477
145;963;0.00681940536014736
146;128;0.118106173630804
146;322;0.136625996138901
146;413;0.0349538054317236
146;854;0.00537123121321201
146;882;0.0792949054855853
147;127;0.0747215181123465
147;252;0.199666042020544
147;327;0.115477560414001
147;735;0.0499930365476757
147;922;0.0477017951197922
148;6;0.00604171534068882
148;188;0.111292232992128
148;458;0.141018395684659
148;804;0.118863494042307
148;939;0.0556157396640629
149;248;0.0456761316396296
149;506;0.0595495639368892
149;631;0.0196219523902983
149;651;0.049463504133746
149;937;0.0543597828131169
150;349;0.135848148260266
150;413;0.199534009955823
150;451;0.10996656017378
150;687;0.090320109622553
150;970;0.159231510665268
151;325;0.0548623608890921
151;548;0.115087235718966
151;570;0.187217485858127
151;590;0.100126868672669
151;650;0.0420998650137335
152;527;0.177752310596406
152;808;0.0804772961884737
152;813;0.160258060321212
152;869;0.145047350926325
152;915;0.149895984213799
153;58;0.0174334444105625
153;77;0.00764615880325437
153;422;0.0674560047220439
153;534;0.0640001209452748
153;748;0.0201900871004909
154;116;0.0606777847744525
154;165;0.0673918010666966
154;346;0.073124832753092
154;656;0.18186429166235
154;672;0.161694285273552
155;124;0.172301318217069
155;259;0.043773962976411
155;275;0.121214415784925
155;421;0.0872888896614313
155;582;0.110622132336721
156;131;0.185865283338353
156;160;0.0663151979912072
156;263;0.0215373781975359
156;424;0.00773200327530503
156;732;0.00484736557118595
157;42;0.0959105567075312
157;246;0.039483188232407
157;463;0.0341106338892132
157;690;0.0591566246468574
157;878;0.119939082022756
158;320;0.18449103012681
158;643;0.194188186619431
158;764;0.104904970293865
158;885;0.0400846119504422
158;976;0.0162315248511732
159;140;0.130279277777299
159;183;0.133795622363687
159;366;0.121482875524089
159;450;0.07357212821953
159;897;0.14500888241455
160;156;0.182795223407447
160;186;0.00846642362885177
160;429;0.173686015745625
160;825;0.0647564557846636
160;826;0.183229776239023
161;212;0.05466552763246
161;684;0.187430634722114
161;773;0.0842435028403997
161;793;0.135672018490732
161;968;0.111867048498243
162;410;0.0778554750140756
162;534;0.113007010100409
162;626;0.156785710062832
162;644;0.144618763588369
162;822;0.07005854123272
163;568;0.0947433770634234
163;620;0.130322997365147
163;753;0.0643468677066267
163;914;0.0737778449431062
163;934;0.106560402177274
164;13;0.172877302812412
164;457;0.173937616217881
164;753;0.161191430129111
164;828;0.0319856499321759
164;851;0.147355119464919
165;154;0.110634097550064
165;506;0.0811757408548147
165;889;0.117539466638118
165;906;0.0242298530880362
165;927;0.0507915184833109
166;196;0.156433704681695
166;210;0.139527558675036
166;462;0.0595276646316052
166;640;0.0313006548210979
166;888;0.0130056138616055
167;170;0.150339264934883
167;176;0.0309116627089679
167;544;0.0715881206095219
167;646;0.19585595484823
167;796;0.118307805899531
168;83;0.00150452768430114
168;324;0.110553829884157
168;329;0.0334102340508252
168;428;0.142527316324413
168;727;0.0337214379105717
169;206;0.191988834366202
169;344;0.0350391690153629
169;352;0.0270199653226882
169;419;0.145091421017423
169;470;0.0316104298923165
170;167;0.12471905532293
170;584;0.113430823991075
170;647;0.00595508390106261
170;825;0.0643270313739777
170;859;0.113774337852374
171;352;0.085889571486041
171;802;0.171222918527201
171;883;0.178976920805871
171;967;0.0306910122744739
171;997;0.0195321077946574
172;106;0.19681956646964
172;333;0.19898883565329
172;349;0.0390923526603729
172;377;0.138259737938643
172;786;0.0377324693370611
173;617;0.00106521369889379
173;623;0.102888116752729
173;955;0.054012325592339
173;962;0.0356662230566144
173;966;0.0939824604894966
174;261;0.105989179341123
174;323;0.15604706145823
174;409;0.151346497051418
174;821;0.0799342361744493
174;851;0.0943385057151318
175;610;0.153166561061516
175;741;0.0248929316643626
175;800;0.0765686826314777
175;872;0.0470445670653135
175;947;0.0865292833652347
176;61;0.0831774679943919
176;167;0.0281181254889816
176;200;0.0798762282822281
176;922;0.029696134198457
176;987;0.160063056088984
177;228;0.0260346090421081
177;816;0.0142906174995005
177;831;0.102104004053399
177;843;0.0978483075741678
177;901;0.0476309877354652
178;206;0.0436634173151106
178;215;0.121615418232977
178;774;0.0604380070697516
178;884;0.166898343805224
178;940;0.0597500548698008
179;97;0.11388534787111
179;530;0.174280688399449
179;669;0.097438650438562
179;763;0.0812320109456778
179;990;0.102212075749412
180;301;0.168837007833645
180;442;0.0533823875710368
180;456;0.0145863677375019
180;568;0.165249818284065
180;618;0.0177680203225464
181;206;0.00933694592677057
181;229;0.175372118502855
181;623;0.0937126311473548
181;679;0.0408380580600351
181;884;0.00327755841426551
182;279;0.0992801852524281
182;325;0.129636448342353
182;444;0.139329269342124
182;460;0.150734853511676
182;693;0.0291774960234761
182;987;0.193719269195572
183;159;0.17203147308901
183;265;0.173023977968842
183;571;0.160893407184631
183;741;0.0827650451101363
183;852;0.014115068083629
183;1000;0.0638750394806266
184;265;0.00212911739945412
184;395;0.0602905991487205
184;539;0.0930859968531877
184;544;0.181398973520845
184;668;0.156647759629413
184;692;0.0439211385324597
185;44;0.0126936138607562
185;256;0.0455050419084728
185;361;0.114114572759718
185;484;0.0472578825429082
185;710;0.18148024007678
185;850;0.189954961976036
186;160;0.00519365277141333
186;397;0.0733064598403871
186;532;0.127342694997787
186;636;0.187548229005188
186;751;0.000871087936684489
186;864;0.106824459601194
187;197;0.112389459274709
187;405;0.0174831164535135
187;725;0.0218701670411974
187;827;0.054002040065825
187;875;0.0632619795855135
187;882;0.0285906441975385
188;119;0.0612254707142711
188;148;0.115189626952633
188;592;0.175070976186544
188;785;0.157513802172616
188;969;0.0697373266797513
188;994;0.065471907472238
189;208;0.0972311517223716
189;374;0.105768483597785
189;578;0.0533534163609147
189;579;0.168568879039958
189;647;0.120608673756942
189;888;0.036338779097423
190;90;0.160565708111972
190;259;0.0324014173820615
190;478;0.0699646355118603
190;508;0.0712816911749542
190;847;0.000617909803986549
190;865;0.0809546246659011
191;213;0.170633810944855
191;390;0.142824288737029
191;457;0.0112677418161184
191;555;0.145092003513128
191;591;0.0364851144142449
191;691;0.000381505768746138
192;308;0.0730955238919705
192;376;0.14798591453582
192;408;0.139726425427943
192;609;0.168303156131879
192;625;0.199385295016691
192;680;0.116120865615085
193;96;0.0250736779067665
193;125;0.0929976800922304
193;218;0.0295191871002316
193;464;0.0313087158370763
193;862;0.107971289707348
193;874;0.000735596381127834
194;76;0.0666087151505053
194;357;0.122121085971594
194;426;0.00506362128071487
194;662;0.116581345023587
194;958;0.070025736046955
194;972;0.0944766692817211
195;338;0.190600264025852
195;443;0.169337352411821
195;462;0.1103458434809
195;606;0.0551088260486722
195;767;0.188471929822117
195;972;0.0886852057650685
196;166;0.147556034149602
196;251;0.112284783041105
196;678;0.12467797100544
196;706;0.0292840932495892
196;878;0.196068877959624
196;910;0.0825155311729759
197;187;0.192054578661919
197;406;0.0279188178945333
197;646;0.154928802698851
197;730;0.0582964551169425
197;753;0.119892359571531
197;930;0.152922180341557
198;144;0.0107012413907796
198;260;0.00532235954888165
198;391;0.119928396958858
198;432;0.0317560032010078
198;448;0.00520114256069064
198;908;0.193433776730672
199;16;0.0759876473341137
199;135;0.0984592362307012
199;535;0.000385391060262918
199;757;0.046808406803757
199;896;0.0702159586362541
199;996;0.0652083613909781
200;73;0.0437999802175909
200;106;0.148420255351812
200;176;0.038146959617734
200;543;0.060958543419838
200;575;0.017401475738734
200;912;0.116980406735092
201;315;0.104877176927403
201;328;0.183742239372805
201;870;0.147174130985513
201;876;0.192933817254379
201;899;0.166407443908975
201;960;0.0930401395075023
202;300;0.165579163469374
202;833;0.00757707068696618
202;865;0.143379820231348
202;866;0.0335926339030266
202;905;0.0229198603890836
202;907;0.121967028360814
203;98;0.17824016190134
203;127;0.114718073885888
203;687;0.115610144613311
203;771;0.134591973759234
203;948;0.150086631765589
203;997;0.145838391641155
204;127;0.169809034187347
204;414;0.10642849560827
204;453;0.0388762072660029
204;539;0.0751089640893042
204;720;0.126976173464209
204;767;0.0209171975962818
205;352;0.151402426417917
205;397;0.0780430710874498
205;578;0.163847611332312
205;775;0.185981199005619
205;883;0.169158858107403
205;995;0.111477279802784
206;169;0.0724474226124585
206;178;0.103226952394471
206;181;0.0978810027241707
206;724;0.0835341481957585
206;774;0.0950908577535302
206;950;0.125818067509681
207;64;0.0382804076187313
207;381;0.0476850198581815
207;421;0.102679506549612
207;648;0.0397251715417951
207;667;0.00549274696968496
207;902;0.0918363322503865
208;189;0.110791529668495
208;326;0.0260273816529661
208;379;0.16060990486294
208;628;0.152423205273226
208;899;0.0255812030751258
208;931;0.0426649973727763
209;231;0.104926175251603
209;427;0.0759273871779442
209;489;0.0111365257296711
209;604;0.171122822118923
209;693;0.156143618375063
209;894;0.129000788414851
210;42;0.0203242055140436
210;166;0.032840148312971
210;736;0.179167180042714
210;744;0.0434199648443609
210;859;0.09707558946684
210;936;0.177208956237882
211;112;0.018077001394704
211;665;0.128160119848326
211;745;0.177394119650126
211;788;0.112315701041371
211;875;0.0592611911240965
211;987;0.149264712119475
212;59;0.110853718826547
212;161;0.13757778420113
212;558;0.00562265031039715
212;772;0.0307099882047623
212;861;0.0461600358132273
212;935;0.172304878430441
213;102;0.125287883216515
213;191;0.135397929511964
213;822;0.0913125616498291
213;875;0.112981869885698
213;975;0.175789962662384
213;986;0.155171860614792
214;102;0.0677273437380791
214;252;0.175590379815549
214;351;0.171042033843696
214;658;0.0972721599508077
214;856;0.0880605592858046
214;906;0.145361655484885
215;178;0.195456047961488
215;338;0.00197682017460465
215;545;0.16723655834794
215;649;0.043634448107332
215;699;0.165769501123577
215;993;0.0145022466778755
216;97;0.110414241719991
216;244;0.162000713450834
216;304;0.0639028875157237
216;635;0.0816557748708874
216;719;0.135567548824474
216;779;0.0576696746516973
217;35;0.138543807016686
217;336;0.0342654655687511
217;510;0.0616110884584486
217;516;0.14158011698164
217;729;0.0923416188452393
217;924;0.0301786603406072
218;193;0.116528941923752
218;813;0.17899806201458
218;855;0.163296995824203
218;894;0.0602193295955658
218;907;0.0311621162574738
218;964;0.0698889219202101
219;100;0.131029535969719
219;234;0.196164437010884
219;272;0.118170473864302
219;432;0.119081302313134
219;572;0.00065060923807323
219;880;0.104739771503955
220;237;0.0464427809230983
220;241;0.101461633993313
220;355;0.13885001083836
220;579;0.134291469817981
220;692;0.110526671633124
220;946;0.0746356967836618
221;325;0.00418648119084537
221;377;0.127170205209404
221;415;0.0548262565862387
221;614;0.0965052293147892
221;927;0.0837941215373576
221;942;0.0111284021753818
222;2;0.0442811558488756
222;361;0.192012396920472
222;432;0.0930460491683334
222;581;0.117531551513821
222;661;0.107933113211766
222;797;0.155119200143963
223;268;0.123421643069014
223;615;0.11338415639475
223;619;0.126426343480125
223;669;0.119578541861847
223;714;0.104425476212055
223;864;0.176670170063153
224;314;0.150465288152918
224;451;0.0929603526834399
224;739;0.0651423496659845
224;756;0.0252281464170665
224;935;0.0685061174444854
224;936;0.0604431623127311
225;46;0.10892516025342
225;95;0.0103914269711822
225;306;0.180100486520678
225;342;0.0314753143582493
225;583;0.132340112980455
225;602;0.192923699459061
226;64;0.0169141751714051
226;98;0.174450484151021
226;400;0.149436059873551
226;818;0.0311147823464125
226;931;0.0475897144060582
226;951;0.0572821096517146
227;649;0.106667664973065
227;720;0.187583514908329
227;751;0.116804462904111
227;822;0.0679292457643896
227;893;0.00558609613217413
227;980;0.0440057639032602
228;177;0.00592826525680721
228;650;0.107534525357187
228;712;0.104526080284268
228;879;0.0639513213653117
228;945;0.0365083361510187
228;978;0.0821619632653892
229;181;0.0561256641987711
229;262;0.173502336582169
229;599;0.185225170385093
229;771;0.0912097262684256
229;803;0.0664644220843911
229;807;0.0227517283055931
230;122;0.185046716686338
230;513;0.15814043097198
230;538;0.074048635084182
230;564;0.151883405772969
230;812;0.111602346785367
230;936;0.169680402847007
231;209;0.00986822177655995
231;338;0.00780668333172798
231;387;0.0854882140178233
231;465;0.000772249000146985
231;551;0.161457493016496
231;955;0.181775482324883
232;421;0.0871983412187547
232;466;0.190750891435891
232;518;0.120669047813863
232;656;0.195161445811391
232;776;0.0173333460930735
232;828;0.128959778044373
233;129;0.0540781307034194
233;250;0.13971280795522
233;375;0.0512437428347766
233;544;0.0738004191312939
233;772;0.129192802775651
233;815;0.150094811618328
234;219;0.153554529929534
234;324;0.0674445165786892
234;639;0.129290998680517
234;672;0.193086589779705
234;790;0.0949620785657316
234;998;0.13949957517907
235;286;0.115935004642233
235;404;0.110238229529932
235;784;0.144823116622865
235;858;0.10504528270103
235;893;0.0608573335688561
235;916;0.0818355880212039
236;66;0.124247936019674
236;400;0.143590027233586
236;457;0.120130037050694
236;578;0.108832373470068
236;678;0.0431906059850007
236;971;0.025536588113755
237;130;0.11100717256777
237;220;0.140026503242552
237;241;0.160696602193639
237;395;0.0940130739938468
237;509;0.15141519443132
237;517;0.176611167984083
238;42;0.170712642371655
238;51;0.0163343237712979
238;393;0.133391096815467
238;435;0.0540265492163599
238;543;0.198288330482319
238;834;0.163478964008391
239;369;0.118222281476483
239;371;0.0746877164114267
239;475;0.0870870632585138
239;677;0.162492312584072
239;774;0.0537172641139478
239;969;0.103375064348802
240;559;0.175346832815558
240;621;0.164788246387616
240;639;0.17943113213405
240;700;0.026598920347169
240;834;0.0106913317926228
240;897;0.175704474048689
241;60;0.0371129299979657
241;220;0.146749874064699
241;237;0.10044391262345
241;572;0.0716559990309179
241;579;0.165278036799282
241;995;0.0319267762824893
242;484;0.041408223612234
242;595;0.09346435489133
242;630;0.0786569218151271
242;675;0.0225850090384483
242;778;0.080857668723911
242;947;0.0278281827457249
243;52;0.165362812392414
243;256;0.19627050422132
243;614;0.174115664092824
243;672;0.0371495593339205
243;863;0.055533799296245
243;881;0.080309607135132
244;216;0.167954204371199
244;470;0.0398525049444288
244;562;0.152452014712617
244;684;0.186630904721096
244;906;0.140475975675508
244;928;0.191916040470824
245;88;0.099152361555025
245;309;0.0530639433767647
245;375;0.16583688785322
245;587;0.0720131031237543
245;709;0.0381377067882568
245;900;0.0182273544836789
246;51;0.185605649091303
246;157;0.173561695916578
246;261;0.0788003001827747
246;484;0.0634492652025074
246;683;0.13020633617416
246;878;0.15726729426533
247;126;0.0937768823932856
247;291;0.118850687239319
247;341;0.031746036792174
247;667;0.100165440794081
247;738;0.0508268317207694
247;745;0.108417166443542
248;143;0.16029988671653
248;149;0.0853726027067751
248;395;0.0484673969913274
248;424;0.0296890172176063
248;468;0.0636015702504665
248;927;0.160535235702991
249;536;0.0404722745995969
249;664;0.165217631869018
249;781;0.0403416377492249
249;860;0.075940892379731
249;876;0.0462974121794105
249;991;0.195637160819024
250;79;0.0199146643746644
250;233;0.0358750923071057
250;287;0.0603784021455795
250;697;0.0195630089379847
250;785;0.12972948118113
250;973;0.107853373745456
251;196;0.0330755579285324
251;410;0.173926431685686
251;466;0.0436959070153534
251;637;0.0435560594312847
251;867;0.137826966261491
251;917;0.175743107125163
252;97;0.141971375886351
252;130;0.11476566339843
252;147;0.0783146359026432
252;214;0.125631124060601
252;628;0.17754988106899
252;895;0.0419756648596376
253;278;0.116581267490983
253;423;0.0411820000503212
253;632;0.0326190085150301
253;695;0.129098463663831
253;803;0.166143773077056
253;899;0.0329207717906684
254;288;0.0143261734396219
254;490;0.110398452822119
254;755;0.0081630599219352
254;791;0.0600280478596687
254;798;0.179172247741371
254;879;0.00797313419170678
255;533;0.14769116025418
255;568;0.146402287483215
255;634;0.04162662839517
255;674;0.0444468892645091
255;810;0.144391352729872
255;815;0.0322035578079522
256;185;0.193920651497319
256;243;0.073507303930819
256;333;0.121394622558728
256;486;0.028692523855716
256;502;0.0257333304733038
256;876;0.119951335666701
257;289;0.0526231190655381
257;306;0.0678435939829797
257;567;0.026951653463766
257;633;0.012474824115634
257;775;0.1449580214452
257;806;0.0719099602662027
258;262;0.0700204274151474
258;481;0.0131804239470512
258;617;0.191868918435648
258;661;0.135284108901396
258;775;0.0500648688990623
258;995;0.0152885479852557
259;155;0.139833569340408
259;190;0.147657633991912
259;567;0.10915676606819
259;616;0.140958421118557
259;816;0.185278744157404
259;922;0.0246941143646836
260;198;0.051732084620744
260;277;0.156582232518122
260;594;0.0374619513750076
260;691;0.135930272797123
260;733;0.169819077150896
260;849;0.188363690534607
261;174;0.0180198126472533
261;246;0.103742287028581
261;531;0.0890458791516721
261;624;0.141701329499483
261;881;0.130524077033624
261;919;0.00655201752670109
262;131;0.120412910683081
262;229;0.0620708376169205
262;258;0.0966911196243018
262;371;0.109725063061342
262;574;0.0226135411299765
262;885;0.144309702189639
263;156;0.0716900513507426
263;470;0.142786550009623
263;729;0.0762825519777834
263;786;0.129586272872984
263;826;0.0681337166577578
263;914;0.0321276745758951
264;268;0.0138568944297731
264;576;0.0665147949010134
264;779;0.10752940280363
264;814;0.102961560757831
264;913;0.00336108100600541
264;936;0.165922013530508
265;183;0.144584432197735
265;184;0.0581574060022831
265;328;0.180721346568316
265;445;0.0597873362712562
265;826;0.186326748738065
265;886;0.040685145650059
266;417;0.196846552239731
266;537;0.0176973777357489
266;701;0.0494938650168479
266;876;0.0555270608514547
266;896;0.191522680595517
266;992;0.0331044861115515
267;91;0.0650237066671252
267;327;0.173595116147771
267;557;0.0053957172203809
267;813;0.106725825276226
267;957;0.187171170022339
267;986;0.164464541617781
268;223;0.0277264098171145
268;264;0.0391713982913643
268;507;0.114496089890599
268;610;0.017824266012758
268;634;0.0284061125013977
268;940;0.105511478008702
269;385;0.196276877122
269;397;0.174496985832229
269;554;0.134702799236402
269;579;0.0569496384356171
269;950;0.0271909476723522
269;966;0.184911298984662
270;105;0.0537283670157194
270;298;0.00110411988571286
270;393;0.0185859455261379
270;486;0.0291216247249395
270;654;0.148506116541103
270;709;0.164275100501254
271;274;0.0761369712650776
271;378;0.125043100118637
271;399;0.0050636547151953
271;437;0.113753122556955
271;441;0.195190590759739
271;900;0.0962915008421987
272;219;0.105873366165906
272;300;0.190987734450027
272;324;0.0710282946471125
272;460;0.182290424359962
272;794;0.0646616279147565
272;944;0.0702696058899164
273;274;0.145504243858159
273;364;0.00496269622817636
273;424;0.144064473360777
273;496;0.132310144649819
273;742;0.027975048404187
273;805;0.138973123161122
274;271;0.0233106806874275
274;273;0.180079584755003
274;611;0.0334499222692102
274;661;0.105105936573818
274;744;0.0487101566046476
274;836;0.109602956939489
275;155;0.0231571756768972
275;411;0.0887532004155219
275;549;0.050573890004307
275;756;0.137559823086485
275;824;0.147801167890429
275;924;0.0157604562584311
276;429;0.00390420965850353
276;609;0.133788146823645
276;693;0.0579247197601944
276;789;0.0333658304065466
276;816;0.128884468926117
276;835;0.0665843637660146
277;113;0.0414964309427887
277;260;0.165575132332742
277;289;0.0806891987565905
277;322;0.183216817723587
277;807;0.124845428857952
277;817;0.198539155488834
278;142;0.127255083667114
278;253;0.147649394441396
278;682;0.0855908862315118
278;686;0.0251236208248884
278;742;0.188888494623825
278;752;0.07808723510243
279;68;0.0768769931048155
279;182;0.0843488823622465
279;429;0.00561441071331501
279;743;0.0613623149227351
279;841;0.0723283868748695
279;911;0.0784012493211776
280;369;0.161987532582134
280;394;0.134050703793764
280;602;0.184532881109044
280;622;0.0861945801880211
280;665;0.0236260787583888
280;917;0.133387610316277
281;37;0.00380370724014938
281;73;0.0555820957291871
281;702;0.11427645678632
281;769;0.138193556340411
281;903;0.0538209932856262
281;916;0.136304143583402
282;104;0.0246506782248616
282;521;0.137425658199936
282;771;0.0164113407488912
282;799;0.132322064554319
282;878;0.127756970562041
282;996;0.177160319313407
283;495;0.0947428854648024
283;511;0.0781159148085862
283;546;0.10873125102371
283;684;0.149900033464655
283;739;0.10816264715977
283;999;0.114235793985426
284;286;0.141306219203398
284;425;0.0361846208106726
284;801;0.141495472053066
284;936;0.118263967242092
284;955;0.127729202620685
284;999;0.100241747917607
285;334;0.182166449446231
285;456;0.0827119892928749
285;557;0.11842694664374
285;583;0.0179493112955242
285;638;0.196933238208294
285;903;0.0396301813423634
286;235;0.112221137154847
286;284;0.011736225290224
286;357;0.138413890404627
286;469;0.178214629925787
286;672;0.0621539941057563
286;835;0.127839730214328
287;250;0.0482959013432264
287;308;0.0048367275390774
287;475;0.13876684657298
287;841;0.171940504293889
287;851;0.0696235204581171
287;979;0.0831728888675571
288;254;0.120273011364043
288;473;0.000720573076978326
288;512;0.081494731688872
288;532;0.183685305761173
288;622;0.0365375199820846
288;665;0.108547607483342
289;257;0.1782281992957
289;277;0.122683852864429
289;433;0.0676042948383838
289;510;0.152500045532361
289;674;0.192199272708967
289;788;0.0112525171600282
290;135;0.143270686408505
290;291;0.193876597424969
290;311;0.137782278470695
290;886;0.14127576733008
290;931;0.0171873468905687
290;936;0.00551981846801937
291;56;0.106922991108149
291;247;0.179631107859313
291;290;0.12884136326611
291;590;0.193315273988992
291;726;0.0977296401746571
291;752;0.0329252544790506
292;480;0.0305331961251795
292;501;0.178997286967933
292;694;0.0478710596449673
292;861;0.0903323280159384
292;897;0.0417535400483757
292;990;0.0543476437684149
293;142;0.093884384771809
293;346;0.165801319852471
293;384;0.141498779738322
293;771;0.170456701796502
293;970;0.0696353998035193
293;981;0.0894900942686945
294;317;0.0482850461732596
294;345;0.11886526811868
294;751;0.0246355672832578
294;796;0.181455415906385
294;833;0.0734145845752209
294;973;0.103272258862853
295;589;0.130668145883828
295;636;0.126263846969232
295;799;0.108015793515369
295;842;0.0275067125912756
295;846;0.0344773937016726
295;945;0.0784821493085474
296;5;0.00752053558826447
296;66;0.179621591791511
296;111;0.180280518531799
296;346;0.0359240730293095
296;477;0.184615223249421
296;752;0.154728592000902
297;11;0.100288299284875
297;24;0.0336710969451815
297;69;0.144087050436065
297;413;0.0908576495014131
297;588;0.0522622355725616
297;776;0.0525417773984373
298;270;0.0366774836089462
298;444;0.181580239674076
298;561;0.0810534122865647
298;755;0.090894523030147
298;922;0.0935434736777097
298;974;0.0844521664548665
299;94;0.0515792988240719
299;535;0.0169092736206949
299;807;0.16237355908379
299;871;0.116881395410746
299;913;0.0196965977083892
299;968;0.178215640317649
300;202;0.116416466562077
300;272;0.136072461260483
300;336;0.0580147108528763
300;373;0.0919386606663466
300;594;0.0955103251617402
300;741;0.0883492088411003
301;180;0.175382515229285
301;360;0.0150999075733125
301;569;0.00689397011883557
301;779;0.180871190596372
301;918;0.0184399109333754
301;991;0.0283661703113467
302;339;0.15966340736486
302;355;0.134907286241651
302;657;0.0183859667275101
302;845;0.158760003419593
302;879;0.0174089446198195
302;952;0.17752654789947
303;125;0.134080994315445
303;419;0.149093413399532
303;551;0.115922971535474
303;600;0.150387695198879
303;768;0.161708186147735
303;985;0.114341325452551
304;104;0.0471220297273248
304;108;0.0396207008045167
304;216;0.177759855892509
304;507;0.114263245230541
304;609;0.0411151913460344
304;652;0.140829964540899
305;315;0.191159001924098
305;331;0.0480174040421844
305;415;0.066684963228181
305;558;0.102962119271979
305;815;0.170136917103082
305;964;0.0583713368978351
306;225;0.0892394406720996
306;257;0.135219159629196
306;531;0.155005864007398
306;541;0.0845673143863678
306;790;0.063016290217638
306;810;0.0283528352621943
307;644;0.0952028738800436
307;659;0.0625205518677831
307;715;0.00104956342838705
307;814;0.193624113453552
307;837;0.169706148002297
307;926;0.154293084563687
308;192;0.101712881959975
308;287;0.0284994043875486
308;379;0.0621383018326014
308;472;0.0691948466468603
308;794;0.0304684558883309
308;974;0.166596963815391
309;114;0.0465695797465742
309;128;0.067101417388767
309;245;0.103019604692236
309;642;0.0434103221166879
309;837;0.0213195397518575
309;998;0.00427301707677543
310;342;0.159509447030723
310;504;0.171531985513866
310;510;0.102550975652412
310;705;0.123069873359054
310;889;0.000298594683408737
310;944;0.166386197553948
311;290;0.153538954537362
311;451;0.112638743640855
311;522;0.0240210860501975
311;554;0.186350066447631
311;641;0.152529361285269
311;662;0.149962432170287
311;739;0.146489281440154
312;349;0.0919722802937031
312;369;0.184755179937929
312;476;0.0366252517793328
312;528;0.0356457171496004
312;721;0.109641051292419
312;849;0.0876969184726477
312;961;0.0969797638244927
313;399;0.0298753730487078
313;418;0.111888008005917
313;430;0.140110565815121
313;435;0.190673361113295
313;556;0.0539866819512099
313;802;0.197215428156778
313;941;0.0884858241304755
314;224;0.0902720376383513
314;343;0.186466993950307
314;362;0.103926064586267
314;370;0.0844610985834152
314;490;0.0842499550431967
314;579;0.187901719333604
314;920;0.180040332535282
315;201;0.0753293664194644
315;305;0.112964948825538
315;560;0.183129236428067
315;616;0.00756893209181726
315;773;0.141106103314087
315;839;0.0576659118756652
315;915;0.0374625498428941
316;747;0.0676464392337948
316;759;0.0427490103524178
316;862;0.05407555247657
316;895;0.0661798837129027
316;898;0.0310820878017694
316;923;0.0869819304905832
316;929;0.0700154602527618
317;92;0.0922054047696292
317;111;0.105494877835736
317;112;0.148057369049639
317;294;0.160554252006114
317;522;0.0495114032179117
317;689;0.0171896064188331
317;878;0.108658685395494
318;436;0.117104830779135
318;591;0.0667972742114216
318;640;0.123334660613909
318;644;0.120815887628123
318;683;0.162795682251453
318;813;0.0630925036035478
318;921;0.148624839028344
319;68;0.168805270176381
319;470;0.146986663062125
319;598;0.191106097586453
319;777;0.131528691574931
319;909;0.160190947912633
319;954;0.0350823173765093
319;984;0.152113899821416
320;95;0.192548757838085
320;158;0.0279427150264382
320;347;0.137150885397568
320;470;0.0473976080771536
320;490;0.0569386697839946
320;684;0.119916241709143
320;864;0.116257171612233
321;41;0.0906588095240295
321;51;0.0743801680859178
321;53;0.154938087658957
321;76;0.198006694158539
321;117;0.0119607407134026
321;339;0.094269431848079
321;948;0.0210689028725028
322;146;0.0338448969181627
322;277;0.118294603377581
322;362;0.0229804042261094
322;423;0.0793128409888595
322;455;0.0468412164598703
322;724;0.00127367274835706
322;983;0.194422648055479
323;174;0.0653975831810385
323;324;0.0575092174578458
323;705;0.100843488005921
323;796;0.17725495188497
323;853;0.0216374955140054
323;913;0.0826623311731964
323;957;0.177329579973593
324;168;0.156604544771835
324;234;0.0726031442638487
324;272;0.0620789479929954
324;323;0.0501267070882022
324;538;0.189305608766153
324;631;0.186267143394798
324;832;0.0487940003629774
325;98;0.109353689057753
325;151;0.122623362997547
325;182;0.191258980426937
325;221;0.0732066328171641
325;462;0.129297261917964
325;493;0.156831449503079
325;790;0.0677994244731963
326;208;0.193285693740472
326;389;0.0797317859716714
326;521;0.173467535711825
326;573;0.0756489855702966
326;685;0.105808233469725
326;814;0.138325446937233
326;840;0.130792307294905
327;122;0.0328400602564216
327;147;0.0247558219358325
327;267;0.0698702116962522
327;506;0.129720471147448
327;545;0.0254265856929123
327;598;0.151292877551168
327;839;0.0514062720816582
328;201;0.0337993104942143
328;265;0.0529544730205089
328;548;0.031994133675471
328;608;0.117164933634922
328;794;0.106360444752499
328;840;0.193406065646559
328;938;0.0725741676986218
329;168;0.100376065447927
329;382;0.158530156081542
329;640;0.115588605497032
329;677;0.124443943332881
329;693;0.13792016771622
329;705;0.0481599506922066
329;970;0.0736330586485565
330;26;0.190820231707767
330;65;0.0933681519236416
330;67;0.114911030838266
330;364;0.156052755052224
330;552;0.160539677087218
330;597;0.137939698155969
330;888;0.039189451513812
331;305;0.146735607739538
331;381;0.155455403681844
331;404;0.146159512223676
331;427;0.0361111786682159
331;932;0.108333033649251
331;957;0.00519462656229734
331;973;0.104584917612374
332;140;0.0541050192434341
332;358;0.175140179833397
332;535;0.00863901805132627
332;623;0.0463466232642531
332;830;0.0268019206356257
332;884;0.0589388532564044
332;894;0.015175820607692
333;172;0.114797670021653
333;256;0.0136779340449721
333;506;0.0966829244513065
333;805;0.0603660357184708
333;908;0.0938321034424007
333;941;0.0238519279751927
333;969;0.0745014382526279
334;285;0.128986356873065
334;397;0.0176870935130864
334;476;0.158164734067395
334;708;0.173388986475766
334;842;0.0870380665641278
334;969;0.163547072093934
334;993;0.0614759658928961
335;142;0.0520447156857699
335;437;0.0450763026252389
335;541;0.119320944882929
335;563;0.179735160712153
335;813;0.122323472891003
335;851;0.048910998320207
335;994;0.0940740097314119
336;71;0.0535895725246519
336;103;0.0249230752233416
336;217;0.154703739099205
336;300;0.0318573442287743
336;527;0.0675191579852253
336;586;0.0262115721590817
336;905;0.0871051945257932
337;17;0.0778266827575863
337;553;0.115600617276505
337;594;0.0103433434851468
337;783;0.0536232951562852
337;846;0.172331844270229
337;929;0.135631065862253
337;976;0.181302809529006
338;195;0.126328958850354
338;215;0.14204137744382
338;231;0.17798538506031
338;451;0.170146479457617
338;518;0.00775250820443034
338;769;0.144565189490095
338;968;0.0264461073558778
339;302;0.00731637696735561
339;321;0.0706364452373236
339;427;0.0735580226872116
339;502;0.0531397852115333
339;530;0.116340656578541
339;855;0.0654495989438146
339;904;0.163416671054438
340;381;0.0722225146833807
340;384;0.171723831584677
340;405;0.0826557571534067
340;489;0.187193174520507
340;642;0.0761516800150275
340;646;0.136663084523752
340;887;0.1925225621555
341;34;0.0408629658166319
341;247;0.116709083830938
341;590;0.0685352723114192
341;605;0.104168107686564
341;681;0.14099251977168
341;698;0.0454225854482502
341;852;0.0489427833352238
342;225;0.0236209175083786
342;310;0.0879440909717232
342;532;0.0504824558272958
342;604;0.19403802966699
342;731;0.00416669086553156
342;880;0.106149093667045
342;961;0.0156770688481629
343;65;0.0361822109203786
343;314;0.190322021022439
343;434;0.000703584915027022
343;534;0.0589352021925151
343;749;0.0775472323410213
343;758;0.0722896516788751
343;935;0.187209349032491
344;86;0.0041248282417655
344;169;0.050650493381545
344;611;0.109575506485999
344;689;0.175525819836184
344;712;0.160012001683936
344;831;0.138397917244583
344;989;0.0783669026568532
345;294;0.0394858026877046
345;442;0.0530833107884973
345;645;0.166283701872453
345;675;0.0780329170636833
345;722;0.0878044028300792
345;881;0.111390902660787
345;923;0.168642341485247
346;154;0.0265648716595024
346;293;0.0106245434843004
346;296;0.111487539159134
346;443;0.0691238645464182
346;562;0.156609597941861
346;792;0.133469848334789
346;878;0.115155049227178
347;2;0.131817697826773
347;53;0.0984483283478767
347;320;0.0379448294639587
347;366;0.189330262830481
347;809;0.133747855946422
347;868;0.0360462501645088
347;881;0.0539657172281295
348;396;0.0334352951031178
348;444;0.186154613969848
348;471;0.0705583366099745
348;529;0.104510412644595
348;604;0.162393820891157
348;822;0.112020922731608
348;970;0.0468281419947743
349;150;0.0186161665245891
349;172;0.0725034050643444
349;312;0.0471083494834602
349;566;0.10142885055393
349;599;0.181765690073371
349;697;0.0272599511314183
349;701;0.194457398261875
350;383;0.198448106087744
350;409;0.179507637070492
350;501;0.103841533558443
350;565;0.0477720240131021
350;798;0.00252782157622278
350;902;0.139628562936559
350;979;0.150344204390422
351;214;0.0527721747756004
351;366;0.115148954512551
351;379;0.0566623279824853
351;459;0.133350173197687
351;483;0.15339807192795
351;511;0.038491403311491
351;799;0.181579773826525
352;169;0.123261997522786
352;171;0.109297808259726
352;205;0.152124350564554
352;497;0.0967006876599044
352;736;0.00279411794617772
352;777;0.0629679152276367
352;905;0.196098968526348
353;408;0.0884915343485773
353;413;0.112396171549335
353;535;0.0321876336820424
353;727;0.17106258654967
353;933;0.0119950318243355
353;954;0.108769592177123
353;972;0.0424083969090134
354;3;0.108492002403364
354;80;0.0956034703180194
354;506;0.0851710497867316
354;565;0.117509191203862
354;613;0.100566441100091
354;751;0.17608531541191
354;999;0.163219451997429
355;220;0.124734127195552
355;302;0.0961467415560037
355;486;0.0582256114110351
355;494;0.0919532897416502
355;585;0.0368007494136691
355;667;0.186664258921519
355;676;0.000819413270801306
356;375;0.190689589316025
356;546;0.147145647183061
356;658;0.162933968100697
356;747;0.0850427139084786
356;840;0.186334531661123
356;911;0.132242187717929
356;948;0.197972504328936
357;194;0.00525982566177845
357;286;0.0458839841187
357;367;0.0872735429089516
357;606;0.0215457046404481
357;742;0.0221901802811772
357;847;0.105622603138909
357;924;0.0923012892249972
358;332;0.159988726861775
358;363;0.0525144979357719
358;563;0.139698162069544
358;590;0.0872422681655735
358;825;0.010282418737188
358;862;0.00808971240185201
358;948;0.0420696355868131
359;546;0.180895455274731
359;567;0.0661079907324165
359;655;0.0281034450978041
359;671;0.012251655664295
359;721;0.166894905781373
359;772;0.150541668199003
359;938;0.107992706354707
360;74;0.0625078595243394
360;301;0.185580313205719
360;472;0.128185121901333
360;541;0.0527306533884257
360;631;0.172324190055951
360;660;0.0346362137701362
360;951;0.102380618918687
361;185;0.0287006982602179
361;222;0.154525880655274
361;417;0.194995544338599
361;598;0.146639987686649
361;632;0.155620195483789
361;842;0.173039629077539
361;881;0.0316141012590379
362;31;0.103244635974988
362;132;0.0650013460312039
362;314;0.0587193126324564
362;322;0.0336239202413708
362;374;0.17785307909362
362;522;0.121443034755066
362;639;0.0505817354191095
363;358;0.0978694615885615
363;404;0.00816897386685014
363;495;0.118533713417128
363;611;0.133194899559021
363;867;0.126855870895088
363;909;0.112403133511543
363;928;0.185816917428747
364;39;0.130383560899645
364;273;0.0545955795794725
364;330;0.18886756459251
364;480;0.12196897584945
364;785;0.183054195484146
364;812;0.173194633610547
364;815;0.127344528399408
365;375;0.177968292264268
365;399;0.180076529458165
365;767;0.0748114068061113
365;809;0.165181753830984
365;820;0.152462708251551
365;982;0.0819081710185856
365;999;0.0755002782680094
366;80;0.139272851729766
366;159;0.075640772189945
366;347;0.0976630326360464
366;351;0.0139596822671592
366;418;0.1824652264826
366;446;0.136839386262
366;455;0.0658636575564742
367;357;0.0618324790149927
367;603;0.170983884250745
367;731;0.0236510654911399
367;771;0.0534281643573195
367;786;0.112302705831826
367;804;0.0193333823233843
367;947;0.0343343913089484
368;601;0.0066138681024313
368;785;0.08177913245745
368;788;0.0731562849599868
368;871;0.130769377481192
368;916;0.156200204789639
368;930;0.0255497965961695
368;952;0.151962130330503
369;239;0.0683179474901408
369;280;0.178089930908754
369;312;0.1347992524039
369;473;0.0866066441405565
369;771;0.191879661148414
369;863;0.144038760429248
369;977;0.162707352684811
370;314;0.17149836262688
370;658;0.196352478303015
370;663;0.0470530794933438
370;680;0.175704589160159
370;800;0.136828412069008
370;960;0.175789466127753
370;979;0.0574241667054594
371;239;0.11128922640346
371;262;0.097651065280661
371;387;0.00433338074944913
371;570;0.145416603283957
371;781;0.127364308992401
371;860;0.0717043680138886
371;896;0.0862714822404087
372;43;0.136415746575221
372;584;0.00284714242443442
372;626;0.188799006398767
372;630;0.0828310251235962
372;744;0.0729667243082076
372;921;0.136341835046187
372;959;0.155465061450377
373;300;0.0465505332220346
373;488;0.0516756409779191
373;626;0.128236354934052
373;857;0.113165131397545
373;899;0.071596884727478
373;901;0.145947051374242
373;907;0.0414269544184208
374;95;0.100690778438002
374;189;0.0126748719718307
374;362;0.187320050410926
374;438;0.142971895588562
374;650;0.0597466945648193
374;742;0.0260436135344207
374;803;0.0847202529199421
375;233;0.196332483785227
375;245;0.0315533981192857
375;356;0.131650130916387
375;365;0.175497383531183
375;389;0.0384572046808898
375;439;0.157072559092194
375;1000;0.147424899227917
376;63;0.105012987507507
376;192;0.120477737579495
376;497;0.109968762658536
376;588;0.193021712964401
376;591;0.0096905027050525
376;976;0.0826056152116507
376;990;0.167552849510685
377;97;0.0238794202916324
377;172;0.112441842863336
377;221;0.0161019006278366
377;412;0.00806367294862866
377;485;0.155879183206707
377;790;0.126422884082422
377;841;0.0268789210822433
378;41;0.161175128491595
378;271;0.0462879269383848
378;409;0.0131158864591271
378;698;0.00548423994332552
378;838;0.18171016969718
378;844;0.0459291502833366
378;859;0.188903154386207
379;208;0.0133273603394628
379;308;0.186631204653531
379;351;0.0162351378239691
379;427;0.190051094908267
379;542;0.0648916312493384
379;768;0.159743036562577
379;918;0.139982104115188
380;601;0.196816153777763
380;614;0.0164951312355697
380;713;0.191725216945633
380;716;0.0492098361253738
380;772;0.193205154919997
380;828;0.143080256646499
380;944;0.174974413728341
381;94;0.0563720345497131
381;110;0.019130422687158
381;207;0.0495212464593351
381;331;0.0295667891390622
381;340;0.153870008606464
381;685;0.08085444024764
381;909;0.125535028427839
382;329;0.0560790411196649
382;392;0.138892699684948
382;409;0.155107141286135
382;415;0.0197042469400913
382;520;0.031933375261724
382;600;0.0617692482657731
382;810;0.0616103702690452
383;40;0.164985078806058
383;350;0.107886654697359
383;676;0.0915610882919282
383;677;0.173465026495978
383;820;0.0690076457802206
383;903;0.130020011821762
383;979;0.104685543989763
384;293;0.110193754313514
384;340;0.093024389911443
384;446;0.0987040892243385
384;580;0.00492948573082685
384;622;0.0687035583425313
384;740;0.139411478163674
384;766;0.0825682623311877
385;70;0.15672281193547
385;269;0.165733343921602
385;420;0.0606602717190981
385;490;0.0591466812882572
385;717;0.162090202188119
385;920;0.149973332835361
385;925;0.0859125118236989
386;440;0.0934225456789136
386;460;0.165316965291277
386;723;0.0544634580146521
386;890;0.0586337246000767
386;917;0.0247963794972748
386;939;0.141374132037163
386;993;0.0612106840126216
387;141;0.00190381524153054
387;231;0.0411490051541477
387;371;0.184219186473638
387;595;0.0843515573069453
387;849;0.0808399938512594
387;951;0.0297305981628597
387;988;0.116225765598938
388;416;0.0706178474705666
388;457;0.047750061750412
388;599;0.0234590196516365
388;656;0.0891799736302346
388;806;0.189721449790522
388;920;0.0365508204791695
388;985;0.0912276460789144
389;326;0.125872773490846
389;375;0.00549558820202947
389;533;0.0983378815930337
389;745;0.195320890517905
389;838;0.0799957896117121
389;844;0.195078784134239
389;918;0.198532402003184
390;191;0.159240699373186
390;425;0.179162275930867
390;589;0.0585434395354241
390;865;0.141387895494699
390;884;0.170695052342489
390;913;0.000306877354159951
390;939;0.107054794859141
391;20;0.0559315764345229
391;198;0.0550850372295827
391;448;0.158570329705253
391;483;0.0365451799705625
391;603;0.160143050877377
391;614;0.138319172663614
391;712;0.00564131545834243
392;45;0.104468416515738
392;144;0.15542713208124
392;382;0.154991188086569
392;525;0.0805003540590405
392;547;0.0481696623377502
392;743;0.0555894242133945
392;971;0.0154420516453683
393;46;0.0211125176865608
393;120;0.0502505542244762
393;238;0.0827213724609464
393;270;0.133472935203463
393;718;0.196483062021434
393;940;0.0107554907910526
393;947;0.129308923799545
394;61;0.00150541896000504
394;280;0.172245780657977
394;409;0.110967709077522
394;805;0.0269028073176742
394;846;0.129753626743332
394;893;0.116204026993364
394;943;0.0884170518256724
395;184;0.0856809386983514
395;237;0.173519039340317
395;248;0.0702266889624298
395;471;0.147957432642579
395;527;0.162877410603687
395;753;0.1459527538158
395;983;0.150063779111952
396;348;0.0124961283057928
396;590;0.189463118743151
396;766;0.148421008512378
396;811;0.159522130526602
396;823;0.0280466039199382
396;925;0.11674942728132
396;935;0.0225759323686361
397;186;0.0983262521214783
397;205;0.0133043787907809
397;269;0.0694260459858924
397;334;0.193579248804599
397;720;0.0310399143956602
397;788;0.0594176611397415
397;895;0.119985512457788
398;738;0.0543066611979157
398;762;0.144161296542734
398;785;0.086321047693491
398;867;0.165532385092229
398;876;0.124965605279431
398;928;0.184330488275737
398;972;0.0720754656475037
399;271;0.0602427250705659
399;313;0.129244881728664
399;365;0.0175495012197644
399;525;0.0543310186825693
399;637;0.0655738760251552
399;745;0.177701849676669
399;773;0.137795494962484
400;74;0.164509488129988
400;226;0.135419658292085
400;236;0.0912007501814514
400;454;0.0259160636458546
400;597;0.112058145739138
400;963;0.000389626016840339
400;986;0.179690177598968
401;132;0.108149191690609
401;514;0.0144909492693841
401;565;0.0968476747628301
401;572;0.0210340425837785
401;734;0.135814371425658
401;894;0.0829300571698696
401;900;0.0746214378159493
402;74;0.134100105054677
402;420;0.0714516239706427
402;426;0.183235421823338
402;593;0.0957547989673913
402;612;0.00107393683865666
402;642;0.175950389541686
402;892;0.0718579366803169
403;112;0.142024630075321
403;139;0.0410173126496375
403;490;0.106464602937922
403;498;0.0794369273819029
403;570;0.0615197958890349
403;724;0.113964188611135
403;998;0.0653682337608188
404;235;0.0578643469605595
404;331;0.170245899213478
404;363;0.0509643884375691
404;728;0.11292204875499
404;850;0.00230726851150394
404;928;0.046591249993071
404;942;0.01440340122208
405;45;0.109945673588663
405;61;0.152489618677646
405;187;0.134487584372982
405;340;0.15624840031378
405;414;0.191934900684282
405;584;0.18592745824717
405;696;0.115851981658489
406;197;0.105752200447023
406;615;0.142558603454381
406;678;0.079333301493898
406;842;0.101184406178072
406;865;0.0413278789259493
406;893;0.0876184025779367
406;1000;0.036121346661821
407;425;0.188474672939628
407;438;0.14382082154043
407;592;0.175207987707108
407;671;0.131881577847525
407;741;0.143235146254301
407;866;0.102414553612471
407;971;0.095798711059615
408;192;0.0284590428229421
408;353;0.0748244464397431
408;545;0.108205432072282
408;585;0.164538946980611
408;640;0.0721217608079314
408;849;0.0476625864394009
408;968;0.0765349998604506
409;15;0.014657764788717
409;174;0.0537197647150606
409;350;0.061327905440703
409;378;0.173771463008597
409;382;0.0569191051181406
409;394;0.0818182414397597
409;464;0.0981709121726453
410;162;0.0301494269166142
410;251;0.194694354059175
410;566;0.111139570968226
410;587;0.0519911184441298
410;645;0.142209563124925
410;715;0.098062989814207
410;790;0.0158669497352093
411;275;0.0679405120201409
411;559;0.131325539574027
411;642;0.140205074427649
411;648;0.0832324920222163
411;854;0.0723503682296723
411;944;0.123324443260208
411;988;0.0429736102931201
412;377;0.169778255000711
412;456;0.146026412863284
412;496;0.158058407669887
412;528;0.0955312833189964
412;765;0.130938383145258
412;903;0.115072067268193
412;949;0.150705238897353
413;146;0.0821931798942387
413;150;0.107781283883378
413;297;0.0197826672811061
413;353;0.112286172062159
413;926;0.158212839299813
413;940;0.186323330318555
413;943;0.023617497086525
414;204;0.0888289553113282
414;405;0.149264086363837
414;536;0.0370753205381334
414;604;0.00360141382552683
414;871;0.00319538875482976
414;895;0.0801309232600033
414;975;0.16319289309904
415;221;0.105175897944719
415;305;0.0169240389019251
415;382;0.0481859819963574
415;530;0.0305574833415449
415;596;0.178815134521574
415;789;0.0531426806934178
415;993;0.163644711626694
416;388;0.0746228150557727
416;437;0.0635630671866238
416;521;0.0565281385090202
416;600;0.0583896377589554
416;729;0.0736454983241856
416;843;0.0780346367042512
416;997;0.154839944839478
417;266;0.114901262382045
417;361;0.199975897651166
417;571;0.157726536784321
417;649;0.0870265025645495
417;667;0.191282333387062
417;786;0.149563759379089
417;834;0.0799134246539325
418;313;0.0407378784380853
418;366;0.138405096158385
418;450;0.0476296529639512
418;466;0.121127887116745
418;669;0.0876587898470461
418;695;0.130199786787853
418;1000;0.183568292669952
419;45;0.189329766575247
419;169;0.172245797282085
419;303;0.0178195080719888
419;568;0.00389926363714039
419;609;0.0813844849355519
419;871;0.137496432056651
419;893;0.159283241815865
420;39;0.192403327813372
420;109;0.0374256344512105
420;385;0.107345921592787
420;402;0.00560729121789336
420;653;0.0823403954971582
420;833;0.045152082759887
420;865;0.0450525859370828
421;36;0.0779557904694229
421;155;0.185078168753535
421;207;0.0184549245517701
421;232;0.0622052941937
421;430;0.143063847348094
421;759;0.0471669289749116
421;961;0.0657813457772136
422;83;0.16699085906148
422;153;0.0846453945152462
422;560;0.0944452012889087
422;781;0.13013942767866
422;792;0.165988405561075
422;871;0.00978059740737081
422;976;0.108738997578621
423;102;0.126448813034222
423;253;0.162569463439286
423;322;0.139986099256203
423;516;0.165142429014668
423;600;0.0681556946597993
423;831;0.134929958311841
423;953;0.129131707409397
424;156;0.0277928777039051
424;248;0.133157896064222
424;273;0.158304548822343
424;660;0.00877535166218877
424;795;0.0163504285272211
424;932;0.0247957246843725
424;964;0.0498143605422229
425;14;0.164035647688434
425;284;0.135767297772691
425;390;0.0194944797549397
425;407;0.186352148465812
425;500;0.118458929890767
425;559;0.090791626740247
425;675;0.136046622786671
426;194;0.088345108833164
426;402;0.163614776125178
426;526;0.0403868420515209
426;572;0.0183579832781106
426;792;0.158749117236584
426;801;0.0400251638144255
426;885;0.0623917917255312
427;131;0.00709372721612454
427;209;0.160581008950248
427;331;0.026555440062657
427;339;0.139176545571536
427;379;0.0189885544590652
427;696;0.173538165912032
427;959;0.0356516286730766
428;86;0.0154638491105288
428;168;0.187384192412719
428;738;0.00440686419606209
428;767;0.166893300553784
428;778;0.141510408511385
428;805;0.11779164718464
428;972;0.109205610631034
429;28;0.0201436190865934
429;160;0.154074849793687
429;276;0.165919510740787
429;279;0.113159697083756
429;638;0.179915391467512
429;765;0.0519251033198088
429;838;0.0185178108047694
430;47;0.134763730177656
430;313;0.0619945742655545
430;421;0.0638787543401122
430;616;0.179186104703695
430;617;0.153198925126344
430;675;0.106818440416828
430;849;0.0473761437926441
431;62;0.130153879942372
431;488;0.140246115531772
431;546;0.182242479454726
431;591;0.0504309530369937
431;662;0.171300026541576
431;695;0.0459108284208924
431;701;0.114052460901439
432;198;0.012960974406451
432;219;0.0585516736842692
432;222;0.00495106945745647
432;558;0.14776343209669
432;719;0.139179764175788
432;746;0.169107986195013
432;788;0.0451147985644639
433;289;0.00179376467131078
433;472;0.0873127179220319
433;552;0.0251745254267007
433;619;0.00198568855412304
433;646;0.140353408036754
433;671;0.088684115651995
433;953;0.0441998703405261
434;343;0.0588063220027834
434;481;0.0602494055405259
434;604;0.0274815575685352
434;620;0.139191656932235
434;736;0.121828572265804
434;811;0.0185812304262072
434;871;0.127630225336179
435;238;0.0603321162052453
435;313;0.1975947748404
435;563;0.00409208377823234
435;700;0.138712247088552
435;793;0.109621629118919
435;834;0.155941616650671
435;843;0.0699326099362224
436;25;0.18309485106729
436;318;0.165094804950058
436;518;0.101780930301175
436;678;0.0439627395011485
436;732;0.0142624552361667
436;755;0.154737601522356
436;771;0.0613666576799005
437;271;0.0356241926085204
437;335;0.0423945430666208
437;416;0.189287817431614
437;574;0.0953472992870957
437;725;0.133366128848866
437;831;0.158142467867583
437;890;0.106684953253716
438;374;0.103860322618857
438;407;0.122973473975435
438;455;0.0940038944594562
438;468;0.141446381667629
438;551;0.142436962248757
438;559;0.147588069038466
438;584;0.0677523972466588
439;31;0.0245695738587528
439;375;0.092804018734023
439;581;0.0189108268823475
439;689;0.0794454732444137
439;747;0.0329822161234915
439;933;0.170164258591831
439;970;0.1444483299274
440;386;0.141621482186019
440;482;0.102786398353055
440;569;0.0381961775012314
440;617;0.19187906156294
440;873;0.0530167487449944
440;887;0.0450358401983976
440;910;0.0822040959727019
441;271;0.0464907428715378
441;664;0.1267618088983
441;673;0.108088142517954
441;760;0.0615821762476116
441;789;0.136640295991674
441;831;0.0500183172989637
441;962;0.0551511484198272
442;180;0.158735090168193
442;345;0.0316449484787881
442;722;0.176513868337497
442;747;0.0125519231893122
442;764;0.0649269588291645
442;825;0.041745177609846
442;963;0.128024880029261
443;35;0.0350075277499855
443;195;0.0756016546394676
443;346;0.192749358201399
443;713;0.144127793982625
443;755;0.0924743829760701
443;863;0.053166464343667
443;934;0.13893903484568
444;182;0.173230630811304
444;298;0.103451763978228
444;348;0.130807039979845
444;522;0.199253650475293
444;685;0.0645291735883802
444;890;0.153823205130175
444;983;0.0284281722269952
445;77;0.0973482965957373
445;265;0.0564316238742322
445;479;0.167993949400261
445;515;0.0963733948767185
445;741;0.117047783732414
445;791;0.0576471951324493
445;912;0.122213192796335
446;366;0.0453543486539274
446;384;0.099546716734767
446;483;0.0634764319751412
446;536;0.0909645410720259
446;803;0.00953230275772512
446;893;0.0472945548128337
446;982;0.0603157542645931
447;617;0.199379728734493
447;729;0.182482413761318
447;803;0.162029036739841
447;808;0.061187827354297
447;809;0.0150757008232176
447;844;0.119171405490488
447;988;0.0535246436484158
448;15;0.0203443048987538
448;198;0.0201894978061318
448;391;0.117522904416546
448;603;0.189269570121542
448;753;0.0397169787902385
448;842;0.0121286442968994
448;956;0.0427408304065466
449;3;0.171618979750201
449;464;0.189291159296408
449;490;0.18051142944023
449;637;0.18400340792723
449;684;0.0861843643244356
449;688;0.115819058520719
449;718;0.172183560067788
450;7;0.185736371343955
450;159;0.169229793827981
450;418;0.0667956882156432
450;459;0.187347444379702
450;514;0.186673191050068
450;688;0.117148224404082
450;796;0.0683446880895644
451;144;0.0681653644423932
451;150;0.17166155371815
451;224;0.144243997288868
451;311;0.146644023293629
451;338;0.0826241928618401
451;548;0.0987209795508534
451;668;0.163628182047978
452;90;0.166137577500194
452;603;0.0200190333649516
452;659;0.117162555037066
452;679;0.151253792736679
452;687;0.0608305554836988
452;706;0.0404157516546547
452;971;0.0970054773148149
453;120;0.163948256615549
453;204;0.176246265275404
453;680;0.0306601297110319
453;737;0.0462093051057309
453;741;0.102587625384331
453;904;0.17455200846307
453;942;0.0892462361138314
454;2;0.148784112930298
454;143;0.0015949010848999
454;400;0.0646542774979025
454;563;0.136277403309941
454;730;0.17725226492621
454;890;0.156233907584101
454;941;0.104095330741256
455;322;0.067955789109692
455;366;0.0407766809221357
455;438;0.0894929497037083
455;621;0.144641753332689
455;643;0.153811756242067
455;778;0.125788246560842
455;799;0.104357146471739
456;180;0.0184317784383893
456;285;0.167091508442536
456;412;0.0917607268318534
456;745;0.157933134725317
456;748;0.192519178893417
456;787;0.105109170638025
456;972;0.0382829944137484
457;164;0.170979957887903
457;191;0.0371265032328665
457;236;0.18133288435638
457;388;0.11719603035599
457;782;0.152631756942719
457;907;0.0384003305342048
457;993;0.172534442134202
458;148;0.0837896047625691
458;535;0.143945546075702
458;575;0.140890032425523
458;593;0.0399709814693779
458;784;0.132471692329273
458;869;0.0820541623048484
458;919;0.0452706296928227
459;62;0.170892159361392
459;351;0.0657614992931485
459;450;0.0828916736412793
459;671;0.174894354213029
459;728;0.116234763199463
459;958;0.00258000623434782
459;994;0.0621585497632623
460;182;0.144332256028429
460;272;0.0690220918972045
460;386;0.182287988625467
460;743;0.192071343120188
460;780;0.139807954337448
460;916;0.13239757954143
460;937;0.168415700923651
461;87;0.066757806064561
461;462;0.0710116110742092
461;598;0.068415638525039
461;810;0.15543918274343
461;868;0.166942293709144
461;961;0.173901575384662
461;981;0.11900973697193
462;166;0.162992021627724
462;195;0.167134446557611
462;325;0.163824380701408
462;461;0.192920182552189
462;549;0.06488589909859
462;586;0.174344309233129
462;966;0.172108783153817
463;102;0.128213236061856
463;157;0.0473929505329579
463;582;0.0979242134373635
463;716;0.143186646001413
463;735;0.143580481549725
463;829;0.0157599641010165
463;883;0.0588539325632155
464;101;0.0274063527118415
464;193;0.0514355761930347
464;409;0.180045737093315
464;449;0.194192246207967
464;794;0.118184795742854
464;871;0.0585295096039772
464;948;0.180311620235443
465;231;0.134088430833071
465;473;0.0777806389145553
465;634;0.188198425387964
465;691;0.0438042932655662
465;742;0.0382401410955936
465;791;0.0581992649007589
465;923;0.100410741334781
466;232;0.194576918939129
466;251;0.079074993217364
466;418;0.132618530932814
466;513;0.0271355579141527
466;633;0.142284182691947
466;674;0.109047969197854
466;980;0.0560845898929983
467;490;0.138806871976703
467;496;0.10693814936094
467;510;0.179968571104109
467;683;0.0215643525123596
467;688;0.116952728480101
467;830;0.032177752116695
467;990;0.0834276146721095
468;98;0.106287910975516
468;248;0.0918544104322791
468;438;0.0559258832596242
468;617;0.12002194672823
468;763;0.151533359847963
468;832;0.000470344722270966
468;899;0.073133823974058
469;286;0.0184466564562172
469;606;0.0282562496606261
469;749;0.0220661689992994
469;766;0.071510605700314
469;786;0.182085209619254
469;812;0.130272189294919
469;981;0.105565175553784
470;169;0.189858727576211
470;244;0.122233011294156
470;263;0.0717224555555731
470;319;0.0422233501914889
470;320;0.194894088525325
470;584;0.053017061483115
470;933;0.0645411485806108
471;348;0.150619206251577
471;395;0.123057040013373
471;495;0.0431347306352109
471;681;0.135157466446981
471;690;0.128852314967662
471;850;0.156188186770305
471;891;0.058136475738138
472;128;0.0569465283304453
472;308;0.0968953029252589
472;360;0.0466488476842642
472;433;0.150338837318122
472;636;0.0523770346306264
472;832;0.0070756365545094
472;962;0.0651292203459889
473;288;0.0123844247311354
473;369;0.130696299532428
473;465;0.194708216749132
473;633;0.13231999934651
473;664;0.0403635607101023
473;698;0.0963184075895697
473;703;0.0830454844981432
474;53;0.118008694751188
474;119;0.0860150052700192
474;481;0.0112030307762325
474;658;0.170906816888601
474;677;0.163307711016387
474;731;0.0178279363550246
474;958;0.0922938463743776
475;239;0.151772906538099
475;287;0.161946718534455
475;556;0.084593787137419
475;826;0.00288195428438485
475;848;0.124735470069572
475;977;0.00966874156147242
475;993;0.140086204046384
476;38;0.0843947605695576
476;62;0.121096584619954
476;312;0.0915271080099046
476;334;0.176360053103417
476;601;0.0637592521030456
476;710;0.134194240812212
476;845;0.0739924011286348
477;58;0.161163817765191
477;296;0.112239310191944
477;581;0.0965787146240473
477;585;0.0984094035811722
477;605;0.109544557146728
477;610;0.0810021891258657
477;968;0.176440169522539
478;30;0.0820455886423588
478;190;0.111143941758201
478;546;0.019953961065039
478;577;0.117307998705655
478;607;0.0937409386970103
478;837;0.0478096071165055
478;853;0.134902141056955
479;120;0.0092148456722498
479;136;0.047926188679412
479;445;0.0284699278883636
479;569;0.14115840755403
479;687;0.0562205598689616
479;715;0.0905127589125186
479;899;0.0701031820382923
480;292;0.115968440007418
480;364;0.174663620907813
480;528;0.0836464176885784
480;720;0.0163966079242527
480;783;0.0180790165439248
480;842;0.0429281988181174
480;861;0.0420945514459163
481;258;0.170021694293246
481;434;0.161074998322874
481;474;0.171940925996751
481;544;0.17370557426475
481;645;0.057518136780709
481;678;0.0217882551718503
481;918;0.157041610358283
482;55;0.106226337887347
482;440;0.0729440818075091
482;603;0.010505384625867
482;645;0.150766893848777
482;663;0.126023155171424
482;748;0.104609749792144
482;910;0.0138721985276788
483;351;0.166570775583386
483;391;0.142058151867241
483;446;0.141707431571558
483;640;0.177126315329224
483;689;0.175180628197268
483;867;0.119352383445948
483;952;0.136798631865531
484;185;0.133529237750918
484;242;0.180114394845441
484;246;0.0596100794617087
484;566;0.11853253771551
484;615;0.137913879891858
484;878;0.170953420782462
484;923;0.10890908096917
485;6;0.161622926034033
485;377;0.110222645569593
485;578;0.103170362161472
485;607;0.0146695945877582
485;612;0.179225964192301
485;708;0.198152350960299
485;764;0.19685855996795
486;256;0.048618004238233
486;270;0.121142423897982
486;355;0.112512178672478
486;562;0.0333427654113621
486;629;0.0916603981517255
486;702;0.173060123762116
486;895;0.0496553780511022
487;12;0.044955074088648
487;643;0.15027740211226
487;698;0.181902124453336
487;743;0.16636344823055
487;799;0.159901604941115
487;857;0.170378761645406
487;970;0.129277286538854
488;373;0.180445937858894
488;431;0.0666208494454622
488;770;0.187508382834494
488;838;0.0678570785094053
488;863;0.0831985504366458
488;906;0.1713474098593
488;957;0.121723244758323
489;209;0.12813802906312
489;340;0.0526903176680207
489;632;0.161129465466365
489;658;0.0341014936566353
489;672;0.0663436106406152
489;811;0.0918451388832182
489;830;0.163421101169661
490;254;0.115185345010832
490;314;0.116406159568578
490;320;0.0347449361346662
490;385;0.0326649782247841
490;403;0.110764269111678
490;449;0.095214415807277
490;467;0.145772028993815
491;95;0.0877795062493533
491;123;0.0408171324525028
491;492;0.00618460569530726
491;608;0.148854325339198
491;632;0.129466319689527
491;992;0.189506586175412
491;999;0.188278969237581
492;80;0.0797340524382889
492;491;0.143576028104872
492;555;0.0445217739325017
492;643;0.088496060622856
492;733;0.0393913437146693
492;895;0.0547016221098602
492;984;0.16146920430474
493;325;0.0042649035807699
493;762;0.00354465488344431
493;765;0.127650073822588
493;788;0.145663090934977
493;934;0.065901637962088
493;966;0.103302848525345
493;974;0.0206560370977968
494;93;0.0183283501770347
494;118;0.11176197915338
494;355;0.157528427243233
494;504;0.142018229048699
494;631;0.106400400167331
494;719;0.0662338182795793
494;728;0.162076872354373
495;283;0.169359512906522
495;363;0.0250266744755209
495;471;0.0338632138911635
495;513;0.0455301605165005
495;662;0.0946673755999655
495;714;0.180854425299913
495;950;0.0763395885471255
496;273;0.196733499923721
496;412;0.0645281826611608
496;467;0.198217048123479
496;607;0.0214328584261239
496;625;0.0421529653482139
496;643;0.0127795462496579
496;848;0.00896392832510173
497;114;0.1294968677219
497;352;0.0742680601309985
497;376;0.0193253163248301
497;506;0.0426462520845234
497;807;0.0321983030531555
497;828;0.191088531259447
497;990;0.163687317725271
498;403;0.0109006575774401
498;510;0.062499132193625
498;595;0.0361427701544017
498;623;0.095612073270604
498;679;0.181628766283393
498;875;0.0284643117338419
498;897;0.180813004681841
499;113;0.174560344778001
499;523;0.0183917503338307
499;655;0.197242933185771
499;720;0.0502457822673023
499;729;0.105973289627582
499;837;0.0202808831352741
499;963;0.141549506736919
500;117;0.0921981527935714
500;425;0.190196027699858
500;625;0.162546939495951
500;870;0.14573367475532
500;897;0.138499008538201
500;903;0.12700466113165
500;939;0.0404812551103532
501;76;0.0132719580549747
501;292;0.176509854802862
501;350;0.0104580662213266
501;539;0.0504598885774612
501;676;0.132659770175815
501;720;0.187454729247838
501;977;0.184779977006838
501;996;0.128816011222079
502;256;0.189571762504056
502;339;0.00172012848779559
502;587;0.143898069206625
502;629;0.189575063996017
502;695;0.120275405468419
502;863;0.0452085885684937
502;917;0.190495838224888
502;924;0.125979661289603
503;16;0.0636497201398015
503;599;0.16512886621058
503;728;0.0132027145009488
503;773;0.0964848371222615
503;809;0.170101722422987
503;822;0.170640823384747
503;837;0.149031569482759
503;944;0.170141422841698
504;78;0.0912701405584812
504;310;0.0633516596630216
504;494;0.00692498642019928
504;505;0.112593908654526
504;719;0.118915013922378
504;805;0.0442129627801478
504;852;0.183809471130371
504;912;0.0961553825065494
505;55;0.180489578237757
505;504;0.172340219561011
505;527;0.113942797621712
505;633;0.00794369983486831
505;650;0.0261777637060732
505;760;0.0136522430926561
505;807;0.130630328506231
505;977;0.116921995766461
506;106;0.121776180155575
506;149;0.012449414562434
506;165;0.0361441295128316
506;327;0.0680289638694376
506;333;0.114832200203091
506;354;0.126620749104768
506;497;0.00595226250588894
506;680;0.180396807938814
507;85;0.156116946460679
507;99;0.0335144991986454
507;268;0.192804642254487
507;304;0.0383802008349448
507;573;0.0829393840860576
507;593;0.105507173854858
507;648;0.00264789429493248
507;943;0.0550365855451673
508;190;0.0342054406180978
508;540;0.121166681544855
508;586;0.130601694481447
508;711;0.129890213161707
508;867;0.185631199553609
508;869;0.0456689401995391
508;919;0.0265033335890621
508;929;0.005195840774104
509;40;0.191496764449403
509;72;0.136506517510861
509;115;0.0258803314529359
509;237;0.150882551074028
509;638;0.029861969826743
509;783;0.0618378189858049
509;941;0.184325216384605
509;975;0.109087095130235
510;15;0.177429585484788
510;217;0.134932786086574
510;289;0.0488969050813466
510;310;0.125339520536363
510;467;0.0143948556855321
510;498;0.0333114007022232
510;631;0.121019891602919
510;761;0.147422427451238
511;283;0.0622012853622437
511;351;0.119699626555666
511;619;0.0821888347622007
511;828;0.148447425756603
511;845;0.180007377127185
511;856;0.176054493011907
511;946;0.102765001403168
511;961;0.0441895688418299
512;99;0.0358524766284972
512;288;0.0165421264246106
512;648;0.0381002285052091
512;688;0.18377597196959
512;823;0.199276061682031
512;839;0.178011766122654
512;945;0.195431034872308
512;999;0.140682722302154
513;230;0.125512783788145
513;466;0.0996318412479013
513;495;0.116849395632744
513;546;0.0361390118487179
513;551;0.193136754538864
513;644;0.0795011857058853
513;886;0.194160787714645
513;992;0.183667534776032
514;100;0.0400053046643734
514;118;0.166485121008009
514;401;0.0459714031312615
514;450;0.0138450152706355
514;775;0.0696616293862462
514;784;0.12706390847452
514;800;0.161215956136584
514;986;0.185486913146451
515;445;0.158592029800639
515;611;0.0187803713604808
515;614;0.0109771526418626
515;689;0.0224489562679082
515;721;0.165097008924931
515;766;0.0070563776884228
515;892;0.0302433243952692
515;974;0.121605998603627
516;217;0.036855902383104
516;423;0.197818025294691
516;596;0.0420852848794311
516;681;0.08696303893812
516;699;0.157009837031364
516;772;0.114521415345371
516;802;0.127913895854726
516;867;0.0897472914773971
517;54;0.167046493897215
517;237;0.193115023477003
517;656;0.117780159600079
517;706;0.0116067309398204
517;756;0.045790624152869
517;766;0.132457207748666
517;846;0.172000890877098
517;932;0.066478001140058
518;232;0.115317119052634
518;338;0.0586669687647373
518;436;0.152629924425855
518;535;0.153108504461125
518;561;0.111631025187671
518;614;0.198312959354371
518;678;0.0165874097961932
518;751;0.146364766964689
519;92;0.1007555720862
519;627;0.18618878913112
519;635;0.147855590749532
519;661;0.149520450271666
519;701;0.118584061414003
519;756;0.00110562327317894
519;789;0.145168507052585
519;836;0.195980841480196
520;23;0.04395422488451
520;382;0.133366615371779
520;611;0.185825855797157
520;676;0.150180070986971
520;697;0.10131807201542
520;731;0.181764834094793
520;760;0.144028052547947
520;820;0.19567736685276
521;282;0.0165378808043897
521;326;0.160674830945209
521;416;0.00101741584949195
521;561;0.0745769235771149
521;702;0.177056832052767
521;765;0.0046260632108897
521;795;0.0847955889068544
521;876;0.100999619718641
522;133;0.0732456345111132
522;311;0.0492239303421229
522;317;0.183085999032483
522;362;0.0992953498382121
522;444;0.0781010103877634
522;576;0.0528471602126956
522;654;0.118551951134577
522;723;0.0439202709589154
523;71;0.0332760141696781
523;499;0.123341847956181
523;561;0.0954007919412106
523;662;0.125237574661151
523;733;0.13679305841215
523;759;0.0312956439796835
523;898;0.152639911836013
523;949;0.126543686725199
524;5;0.181734634190798
524;45;0.174687637714669
524;114;0.186507603758946
524;642;0.0335542970802635
524;722;0.00108017530292273
524;764;0.119195832172409
524;791;0.0185067390557379
524;996;0.0545347077772021
525;392;0.00116850626654923
525;399;0.188969745626673
525;655;0.111436216253787
525;698;0.0118267342913896
525;726;0.00377425961196423
525;792;0.0977778811939061
525;896;0.160122411884367
525;930;0.114219116885215
526;93;0.0346709651872516
526;119;0.0796809245366603
526;426;0.0821914409287274
526;697;0.0130965649615973
526;730;0.0740908036474139
526;796;0.130221544904634
526;860;0.131421782495454
526;898;0.00590245551429689
527;67;0.0260855856351554
527;152;0.156090875528753
527;336;0.0473171302583069
527;395;0.00610775840468705
527;505;0.140857629850507
527;586;0.0246150991413742
527;734;0.0613213185220957
527;905;0.0608091034460813
528;124;0.0901039290241897
528;312;0.101423239149153
528;412;0.196768437419087
528;480;0.0414750715717673
528;586;0.163268416840583
528;619;0.1478076829575
528;768;0.127264726348221
528;860;0.0126653529703617
529;23;0.180227942951024
529;110;0.145004094624892
529;348;0.0349845207761973
529;650;0.041312572080642
529;880;0.117328951600939
529;900;0.161344526428729
529;965;0.0436520591378212
529;985;0.113824461493641
530;179;0.0487567253410816
530;339;0.0311501339543611
530;415;0.0359478717204183
530;538;0.196053388994187
530;539;0.110714987758547
530;588;0.184020319767296
530;589;0.0229180310852826
530;805;0.182484255032614
531;60;0.127131530595943
531;261;0.106722221756354
531;306;0.0101691266987473
531;704;0.0844156436156482
531;765;0.0385676204692572
531;803;0.118636681465432
531;847;0.13234936199151
531;940;0.00479526398703456
532;186;0.103600895777345
532;288;0.0819183404557407
532;342;0.120348941115662
532;635;0.156095952307805
532;681;0.0365883698221296
532;700;0.118094787886366
532;795;0.132433839282021
532;961;0.059463741723448
533;57;0.159704405954108
533;58;0.138046973291785
533;142;0.112725102948025
533;255;0.0936752887908369
533;389;0.178111490607262
533;709;0.00723685319535434
533;761;0.140178832132369
533;958;0.127303827553988
534;138;0.0159482570830733
534;153;0.0426960991229862
534;162;0.153889930713922
534;343;0.0402438537683338
534;654;0.183191459486261
534;834;0.132372590852901
534;838;0.107230663998052
534;920;0.0592671720776707
535;62;0.181940906308591
535;199;0.0978922485839576
535;299;0.0479633111041039
535;332;0.116791273700073
535;353;0.0953796937130392
535;458;0.0533500361721963
535;518;0.0605349210556597
535;686;0.00202408935874701
536;249;0.0266781733371317
536;414;0.0842765205539763
536;446;0.144453263375908
536;577;0.0196157870348543
536;730;0.0493870216887444
536;775;0.0300140907522291
536;834;0.157791762333363
536;992;0.051513311592862
537;20;0.022444936260581
537;266;0.198570112138987
537;539;0.103048359649256
537;713;0.08343460643664
537;854;0.127033160114661
537;857;0.0778434553649276
537;866;0.0566940089222044
537;909;0.142914967378601
538;230;0.0953104875050485
538;324;0.132953145354986
538;530;0.0951667169574648
538;575;0.164763708692044
538;728;0.160631907312199
538;757;0.0439884182531387
538;944;0.0638044181745499
538;994;0.0354718480724841
539;184;0.0102020593360066
539;204;0.134232339030132
539;501;0.172893397882581
539;530;0.122463233629242
539;537;0.0658659136388451
539;594;0.00606978796422482
539;762;0.102024254156277
539;895;0.0372054731938988
540;92;0.0781043616123498
540;508;0.197059365874156
540;620;0.07590167010203
540;737;0.140486214309931
540;739;0.124236568715423
540;865;0.176305999420583
540;879;0.0508612651377916
540;962;0.106751594459638
541;88;0.184426638809964
541;94;0.0660689063370228
541;306;0.114100316213444
541;335;0.13136499831453
541;360;0.0778524557128549
541;682;0.103282975591719
541;920;0.0565765055827797
541;968;0.160400369903073
542;133;0.143955249385908
542;379;0.0990387494210154
542;577;0.178482057526708
542;649;0.0963850304950029
542;667;0.0991774146445096
542;688;0.19115179553628
542;876;0.182650229195133
542;929;0.0779924006666988
543;47;0.103916822047904
543;71;0.131313152424991
543;200;0.119434528332204
543;238;0.0735532787162811
543;838;0.194561004498974
543;855;0.0101759353186935
543;883;0.00129835293628275
543;917;0.127984562003985
544;167;0.112802079459652
544;184;0.0775140453130007
544;233;0.0599613706115633
544;481;0.00229676864109933
544;662;0.104971638321877
544;673;0.184372642310336
544;845;0.0478390587959439
544;875;0.125417052488774
545;134;0.155596715584397
545;215;0.00898730689659715
545;327;0.0191623041406274
545;408;0.165637538349256
545;629;0.10248613753356
545;823;0.0916612405795604
545;834;0.0293053538072854
545;938;0.0729149261489511
546;283;0.0954032846260816
546;356;0.0971580320037901
546;359;0.196854872489348
546;431;0.124587420746684
546;478;0.187341289361939
546;513;0.098476759204641
546;668;0.0720364358276129
546;835;0.166469774954021
547;78;0.171196410385892
547;122;0.0105783302336931
547;392;0.0503681404516101
547;660;0.024132238375023
547;806;0.134824121836573
547;858;0.0912620819173753
547;859;0.0543484744615853
547;906;0.136131751118228
548;151;0.118047385150567
548;328;0.169921207102016
548;451;0.104355889605358
548;558;0.165861196769401
548;598;0.0747326790355146
548;614;0.0581078547984362
548;801;0.0191386134363711
548;951;0.0141255458816886
549;275;0.0938331163022667
549;462;0.121142250066623
549;555;0.000658982153981924
549;573;0.190128142479807
549;704;0.159382163407281
549;910;0.0318054615519941
549;932;0.0335545717738569
549;974;0.0272962137125432
550;69;0.0153406265191734
550;113;0.0312038520351052
550;127;0.165077952668071
550;626;0.116465252265334
550;724;0.0725372616201639
550;776;0.144750993559137
550;853;0.019498026650399
550;880;0.022286059288308
551;69;0.0401429821737111
551;231;0.143753351643682
551;303;0.155177524453029
551;438;0.119125464605168
551;513;0.118860806664452
551;654;0.0372549511492252
551;727;0.0307142249774188
551;902;0.161278050718829
552;330;0.153672095015645
552;433;0.0614315509796143
552;620;0.0603459335397929
552;722;0.174167040223256
552;747;0.188392432406545
552;779;0.0856332536786795
552;889;0.198438250087202
552;982;0.114931642170995
553;140;0.0893325303681195
553;337;0.124576937127858
553;605;0.0274340361822397
553;675;0.038584195682779
553;696;0.168048812262714
553;737;0.0971500779036433
553;848;0.0100546220317483
553;861;0.0387381293810904
554;269;0.123576861899346
554;311;0.0326476685237139
554;602;0.182005415763706
554;733;0.0350447436794639
554;774;0.162951469654217
554;782;0.0373805679380894
554;839;0.184472270868719
554;851;0.185201343055815
555;1;0.17929480522871
555;191;0.189030892308801
555;492;0.0281305043958128
555;549;0.00637560007162392
555;818;0.0684325554873794
555;819;0.00866620386950672
555;869;0.0142649229150265
555;919;0.0940426818560809
556;313;0.0303806933108717
556;475;0.154386498313397
556;607;0.164365624496713
556;648;0.028990130731836
556;673;0.19300842997618
556;694;0.123887235019356
556;781;0.160985982976854
556;792;0.102769148955122
557;103;0.195548276277259
557;267;0.0213262637145817
557;285;0.0920021134894341
557;796;0.181590326456353
557;805;0.0199894331395626
557;865;0.160791117791086
557;928;0.161258533317596
557;985;0.0400721162091941
558;85;0.0939448345452547
558;212;0.111248794943094
558;305;0.0301864842418581
558;432;0.0475019485224038
558;548;0.0950115983840078
558;598;0.0818706495687366
558;789;0.083524787472561
558;998;0.120629708701745
559;4;0.123250632639974
559;240;0.106383750448003
559;411;0.0467841302510351
559;425;0.0861782661639154
559;438;0.0543147817719728
559;819;0.186882591061294
559;821;0.031609646929428
559;916;0.0980864926707
560;315;0.0773145770654082
560;422;0.0448378700297326
560;596;0.0813109824899584
560;667;0.0724763151723892
560;670;0.0720176565926522
560;820;0.0797409999649972
560;889;0.0462009709794074
560;910;0.130902587948367
561;298;0.181401646975428
561;518;0.184954974893481
561;521;0.00819806358776987
561;523;0.0979253394063562
561;671;0.0625610894523561
561;755;0.0736124871298671
561;884;0.0825277275405824
561;911;0.0355898580048233
562;244;0.0747226399835199
562;346;0.166964318510145
562;486;0.0670996237546206
562;568;0.112112961290404
562;715;0.022037704475224
562;898;0.0281115502119064
562;951;0.16577579760924
562;955;0.0799513541162014
563;105;0.199191910587251
563;335;0.193727123131976
563;358;0.0119331761263311
563;435;0.117826800979674
563;454;0.0109925909899175
563;716;0.0591252599842846
563;766;0.0163641463965178
563;909;0.00790507802739739
564;230;0.105239280126989
564;568;0.0600206377450377
564;580;0.0826322288718075
564;702;0.037129375571385
564;724;0.0225450938101858
564;802;0.0841570219025016
564;948;0.156773838493973
564;993;0.00343162366189063
565;33;0.130251466110349
565;350;0.0762562463991344
565;354;0.06031050439924
565;401;0.153599352994934
565;600;0.122849096078426
565;731;0.0272910889238119
565;855;0.189274124195799
565;995;0.0537406731396914
566;349;0.192098707193509
566;410;0.06904939385131
566;484;0.0567076969891787
566;592;0.0612469945568591
566;714;0.0168868440203369
566;727;0.117445849813521
566;834;0.143104875506833
566;923;0.112579344259575
567;48;0.154982887906954
567;257;0.155405922746286
567;259;0.120427312515676
567;359;0.188249679794535
567;740;0.0960037093609571
567;780;0.0701337709557265
567;793;0.10030759787187
567;914;0.0100097697693855
568;163;0.194911446794868
568;180;0.0481990855187178
568;255;0.140820216806605
568;419;0.0670546864625067
568;562;0.0145161914173514
568;564;0.144637507200241
568;663;0.193394680414349
568;925;0.0413555077277124
569;301;0.188227481814101
569;440;0.0401350809726864
569;479;0.000238786498084664
569;591;0.142455148184672
569;717;0.157965931342915
569;778;0.139808371011168
569;819;0.0703287642914802
569;945;0.0186537289526314
570;28;0.0446332022547722
570;87;0.192776822298765
570;116;0.191581220086664
570;151;0.0690898156259209
570;371;0.0214616051875055
570;403;0.0832869698293507
570;873;0.0405347052030265
570;906;0.180456889094785
571;27;0.0488367213867605
571;183;0.137802656786516
571;417;0.014504015725106
571;793;0.141274660918862
571;880;0.061691881576553
571;885;0.0843890103045851
571;887;0.0753002583514899
571;890;0.0455377138685435
572;113;0.15873878384009
572;219;0.0518928620498627
572;241;0.0270141658373177
572;401;0.105464948993176
572;426;0.0460537983104587
572;638;0.144925444852561
572;685;0.0695413321256638
572;781;0.188612058945
573;81;0.178941450687125
573;326;0.0513758641202003
573;507;0.0420624409802258
573;549;0.034266526857391
573;601;0.159980937512591
573;608;0.117296543251723
573;645;0.0512049220036715
573;646;0.047196832485497
574;262;0.0643732665572316
574;437;0.142373479064554
574;738;0.0929300933144987
574;780;0.0556912731379271
574;781;0.00761248162016273
574;794;0.187603558413684
574;848;0.039868666511029
574;897;0.178803929220885
575;114;0.0410236605908722
575;200;0.105267650820315
575;458;0.0837453046813607
575;538;0.0125939900055528
575;797;0.128881533956155
575;877;0.0185555595904589
575;913;0.045617504697293
575;979;0.166894993837923
576;98;0.0491087823174894
576;264;0.1547155959066
576;522;0.0700916002038866
576;703;0.106792692979798
576;862;0.0661417619790882
576;913;0.0092308025341481
576;939;0.169635350583121
576;994;0.146008645603433
577;54;0.188534785294905
577;89;0.135252424376085
577;478;0.0690882731229067
577;536;0.107629334973171
577;542;0.0288398099131882
577;602;0.0272419868037105
577;641;0.117732503404841
577;720;0.18807966359891
578;89;0.0397621801123023
578;107;0.133312524715439
578;189;0.0853868629783392
578;205;0.152691167313606
578;236;0.079661262454465
578;485;0.126781158009544
578;806;0.0754068374633789
578;946;0.107746531022713
579;189;0.0862613081000745
579;220;0.00326805422082543
579;241;0.104599490994588
579;269;0.064432043582201
579;314;0.187148684263229
579;707;0.0825738441199064
579;713;0.136335065914318
579;814;0.0765540006104857
580;89;0.182282325718552
580;384;0.186789572285488
580;564;0.0824811921454966
580;775;0.194880077755079
580;822;0.148783620260656
580;880;0.177558191958815
580;953;0.0747132069431245
580;960;0.00261734812520444
581;90;0.0900806815829128
581;222;0.0582832536194474
581;439;0.0197515264153481
581;477;0.0656316184438765
581;656;0.153115607984364
581;772;0.0761210273951292
581;827;0.0909570078831166
581;931;0.160061243921518
582;54;0.185810772283003
582;68;0.0157151019666344
582;96;0.186560989823192
582;104;0.168709449097514
582;155;0.099588268995285
582;463;0.168612173153088
582;763;0.194435361353681
582;797;0.127998795220628
583;225;0.0230771056376398
583;285;0.161283568479121
583;595;0.174013527296484
583;746;0.0710320893675089
583;750;0.0997673681471497
583;756;0.126620600232854
583;888;0.102143174177036
583;922;0.0130560346879065
584;170;0.115589908882976
584;372;0.00205267574638128
584;405;0.19650517697446
584;438;0.139989017741755
584;470;0.155029108980671
584;765;0.109702570736408
584;901;0.00392902786843479
584;995;0.155022134166211
585;355;0.0598778740037233
585;408;0.176342191221192
585;477;0.169651312287897
585;586;0.175301947444677
585;588;0.00688003851100802
585;622;0.0718531575519592
585;778;0.177528280066326
585;796;0.135592075251043
586;336;0.0889848115388304
586;462;0.0684730677399784
586;508;0.0925182595383376
586;527;0.0172887865453959
586;528;0.0109998783562332
586;585;0.189263375895098
586;665;0.174594934424385
586;798;0.00826432481408119
587;245;0.0887325677555054
587;410;0.0195868207141757
587;502;0.0916534321848303
587;627;0.197942308150232
587;677;0.136608794378117
587;709;0.00576898097060621
587;807;0.0643919378053397
587;854;0.17673897286877
588;297;0.0416242421139032
588;376;0.0379504373297095
588;530;0.149938389845192
588;585;0.192648772662506
588;733;0.151092798402533
588;783;0.0587430826853961
588;805;0.0468518724665046
588;976;0.194986318936571
589;73;0.117049869941548
589;78;0.0830126219429076
589;91;0.145123353414238
589;295;0.154976738709956
589;390;0.0308090735692531
589;530;0.152194073004648
589;730;0.115003404393792
589;749;0.193981548398733
590;151;0.0549125417135656
590;291;0.0428491726517677
590;341;0.0442649626173079
590;358;0.0889108918607235
590;396;0.116811909945682
590;718;0.158163815643638
590;752;0.122421212308109
590;825;0.166961499210447
591;191;0.0288220790214837
591;318;0.190915177110583
591;376;0.064462635293603
591;431;0.114455165341496
591;569;0.0990589103661478
591;627;0.168678215611726
591;809;0.158682824950665
591;921;0.0328390381764621
592;188;0.0871317951474339
592;407;0.0903872458729893
592;566;0.0546634858008474
592;613;0.139322101790458
592;717;0.110309266671538
592;760;0.0938543169293553
592;771;0.155453574378043
592;955;0.0689191485755146
593;107;0.190939227351919
593;116;0.115751016745344
593;402;0.111599564366043
593;458;0.158519737701863
593;507;0.0796361065004021
593;662;0.0708852149080485
593;777;0.0266735648736358
593;882;0.160065860953182
594;34;0.163685856200755
594;260;0.123946873098612
594;300;0.0826877946034074
594;337;0.166620297450572
594;539;0.0462733414489776
594;597;0.106265760399401
594;760;0.178269731765613
594;790;0.182359780697152
595;242;0.139715425623581
595;387;0.0706036950461566
595;498;0.0527692143805325
595;583;0.050430595362559
595;707;0.0628723651636392
595;852;0.103236366342753
595;915;0.136713262135163
595;985;0.0969708869233727
596;137;0.0951587734278291
596;415;0.190252974396572
596;516;0.128034806717187
596;560;0.0286505951546133
596;598;0.031043025944382
596;663;0.0795379139017314
596;900;0.157092584203929
596;908;0.188446735497564
597;330;0.0938329678494483
597;400;0.110823936853558
597;594;0.11474426034838
597;697;0.168245911831036
597;755;0.112458856450394
597;862;0.102308296691626
597;911;0.0156129003502429
597;963;0.186399283260107
598;319;0.0672556562814862
598;327;0.135785833932459
598;361;0.18202966763638
598;461;0.0293952024541795
598;548;0.0149685309734195
598;558;0.122177255339921
598;596;0.0963319049216807
598;716;0.0388913311995566
599;229;0.0949655927252024
599;349;0.0350048027001321
599;388;0.0110123483929783
599;503;0.0491683674510568
599;631;0.135688737826422
599;669;0.12565705482848
599;759;0.171166297979653
599;785;0.0589978354051709
600;303;0.164059726707637
600;382;0.154259268241003
600;416;0.0890981898177415
600;423;0.0432343597989529
600;565;0.102085486613214
600;618;0.167766645411029
600;925;0.129179375199601
600;983;0.183966363826767
601;368;0.060421823663637
601;380;0.0715785543434322
601;476;0.191149943228811
601;573;0.146053072623909
601;761;0.167989213531837
601;845;0.0669012709986418
601;856;0.0499670331832021
601;977;0.171835457067937
602;89;0.0296121466439217
602;225;0.0247324479278177
602;280;0.181237387983128
602;554;0.175636251736432
602;577;0.183979127323255
602;623;0.183131382381544
602;633;0.021061085164547
602;934;0.0721787703689188
603;19;0.0981489073950797
603;367;0.0982166461646557
603;391;0.160130431130528
603;448;0.0936888336669654
603;452;0.0229071121197194
603;482;0.197625786438584
603;826;0.0873846619389951
603;894;0.158109300071374
604;21;0.0959842941258103
604;71;0.0808611495885998
604;84;0.104361461708322
604;209;0.114089850801975
604;342;0.131955215428025
604;348;0.0370767205487937
604;414;0.187814676901326
604;434;0.0295101653318852
605;128;0.181867691781372
605;341;0.0161216812673956
605;477;0.189067394752055
605;553;0.0680703515186906
605;623;0.0529483154881746
605;636;0.0676601420622319
605;653;0.13054817491211
605;777;0.0837609702721238
606;108;0.177350193355232
606;195;0.0608055819291621
606;357;0.173514832602814
606;469;0.19935255930759
606;837;0.140890717925504
606;917;0.0812807291280478
606;940;0.0268378536682576
606;997;0.125152828777209
607;78;0.155775981210172
607;478;0.195764624420553
607;485;0.103109363932163
607;496;0.139828964602202
607;556;0.0922926692292094
607;758;0.0134963757358491
607;870;0.147591024031863
607;913;0.096310758497566
608;328;0.0175815820228308
608;491;0.184297039080411
608;573;0.141301250131801
608;741;0.196714442316443
608;764;0.191484508709982
608;782;0.00936059644445777
608;792;0.0106185037642717
608;945;0.0223939039744437
609;79;0.000253230659291148
609;192;0.052137955557555
609;276;0.0678584462031722
609;304;0.0850136004388332
609;419;0.0428755653556436
609;792;0.142091214004904
609;823;0.140135110681877
609;928;0.117383108846843
610;77;0.106667920993641
610;115;0.119824106991291
610;175;0.00448607737198472
610;268;0.0671009591314942
610;477;0.177781431609765
610;635;0.0678400066215545
610;762;0.0847370524890721
610;872;0.0127059282269329
611;138;0.0267767603043467
611;274;0.0692632092162967
611;344;0.0340149717405438
611;363;0.189535578573123
611;515;0.169153998373076
611;520;0.00481642452068627
611;836;0.14383540013805
611;942;0.10456651262939
612;81;0.189867909438908
612;402;0.111699941428378
612;485;0.190307050710544
612;619;0.109176459303126
612;654;0.0762635089922696
612;815;0.154658541316167
612;962;0.0559933716896921
612;964;0.0246146788820624
613;354;0.144901305204257
613;592;0.0713123482186347
613;649;0.093059745663777
613;672;0.040972898574546
613;732;0.0829950806219131
613;839;0.0187733738217503
613;945;0.00251022316515446
613;978;0.100052395323291
614;221;0.141937606688589
614;243;0.0047808809671551
614;380;0.139189658407122
614;391;0.0649683986790478
614;515;0.186910124262795
614;518;0.0976660073269159
614;548;0.0580923352390528
614;760;0.095373513456434
615;223;0.176348961982876
615;406;0.0255365265067667
615;484;0.0839412447530776
615;628;0.139542993344367
615;657;0.191454518120736
615;824;0.00728597501292825
615;873;0.125864183530211
615;925;0.100189093919471
616;139;0.0414204894565046
616;259;0.0204717450309545
616;315;0.177460653614253
616;430;0.00478722043335438
616;627;0.151772566698492
616;743;0.0867753329221159
616;959;0.141549962200224
616;995;0.187527034198865
617;173;0.178163392003626
617;258;0.00557414325885475
617;430;0.0394157508853823
617;440;0.104368021618575
617;447;0.159020076878369
617;468;0.123243462666869
617;851;0.176509194541723
617;916;0.0484552901238203
618;41;0.0557678978424519
618;122;0.0990672686137259
618;180;0.0203185401856899
618;600;0.15093322051689
618;692;0.102666057925671
618;714;0.180033319909126
618;949;0.142182598123327
618;987;0.135805076919496
619;223;0.117606369545683
619;433;0.178354263771325
619;511;0.0733856333885342
619;528;0.0641837401781231
619;612;0.107290871674195
619;670;0.164065924566239
619;799;0.112967028003186
619;927;0.0213392410427332
620;163;0.0938673981465399
620;434;0.145065404148772
620;540;0.190502295363694
620;552;0.194656432280317
620;665;0.0465821327641606
620;729;0.0529480592813343
620;798;0.18304925179109
620;924;0.182860824232921
621;110;0.181011457554996
621;115;0.0568970306776464
621;240;0.178704935545102
621;455;0.0497292594052851
621;703;0.00895481496118009
621;714;0.0816197096835822
621;850;0.121486757230014
621;956;0.0216300365049392
622;280;0.0114779993426055
622;288;0.037783844769001
622;384;0.0331877422519028
622;585;0.113101341528818
622;652;0.0786144995130599
622;821;0.180190298007801
622;853;0.179335159203038
622;979;0.124449471244588
623;173;0.141971140448004
623;181;0.153381952177733
623;332;0.0172721757553518
623;498;0.0270193874835968
623;602;0.0213251060340554
623;605;0.0053961337544024
623;750;0.135178874013945
623;894;0.0500536598265171
624;261;0.0087751881685108
624;700;0.153000376513228
624;711;0.192576706688851
624;760;0.00323425238020718
624;784;0.0440145418513566
624;787;0.156477838149294
624;952;0.175153323495761
624;997;0.0185863472986966
625;117;0.057744296034798
625;192;0.157373636122793
625;496;0.110923793213442
625;500;0.0332754955161363
625;629;0.0232814622111619
625;643;0.139817839488387
625;767;0.166786545189098
625;960;0.0313662203494459
626;162;0.113680892810225
626;372;0.138686408754438
626;373;0.0129666323307902
626;550;0.157375270454213
626;703;0.179223006172106
626;748;0.161150157591328
626;766;0.0809336492791772
626;930;0.0174883677158505
627;519;0.0827855879440904
627;587;0.129969507548958
627;591;0.0819507264066488
627;616;0.00286547220312059
627;696;0.164267163164914
627;752;0.0465619413182139
627;834;0.098411270044744
627;851;0.0899461483582854
628;208;0.0727212684694678
628;252;0.0390250559896231
628;615;0.0738795458804816
628;652;0.174166724411771
628;666;0.019626490585506
628;704;0.193507821625099
628;725;0.11483529349789
628;973;0.149945786781609
629;486;0.0279210199136287
629;502;0.0939860960002989
629;545;0.160178841836751
629;625;0.150416752882302
629;715;0.0513402224052697
629;786;0.136132932081819
629;890;0.16981306229718
629;987;0.151080310763791
630;33;0.176115023391321
630;52;0.198650907631963
630;85;0.187439582822844
630;103;0.0158613650593907
630;242;0.0836529699154198
630;372;0.140584024181589
630;639;0.0909790735226125
630;920;0.110818261140957
631;126;0.0914378881920129
631;149;0.0136934692971408
631;324;0.0667392880655825
631;360;0.0834536869078875
631;494;0.177219834178686
631;510;0.165452106110752
631;599;0.0374806244391948
631;647;0.138646687194705
632;129;0.0074709246866405
632;253;0.0757755703758448
632;361;0.14283032733947
632;489;0.198956634523347
632;491;0.129827575618401
632;761;0.14942281008698
632;838;0.144955614442006
632;984;0.00859432430006564
633;257;0.0732467730995268
633;466;0.023233758052811
633;473;0.0816872423514724
633;505;0.0542026939801872
633;602;0.0518329068552703
633;674;0.119746073381975
633;847;0.0750704115256667
633;947;0.0125504185445607
634;255;0.151824984140694
634;268;0.186471106950194
634;465;0.144448764435947
634;737;0.00419076015241444
634;773;0.00457143411040306
634;798;0.0451645770575851
634;820;0.118039626115933
634;866;0.0769668110180646
635;90;0.0888189396355301
635;216;0.176016065152362
635;519;0.127359627885744
635;532;0.167691358877346
635;610;0.152809447562322
635;683;0.0507758175488561
635;856;0.174520074529573
635;921;0.119119713455439
636;84;0.131477405130863
636;186;0.0273818844929338
636;295;0.154271975671873
636;472;0.182362692896277
636;605;0.0768632559105754
636;713;0.148313613515347
636;740;0.156634442554787
636;993;0.0863842422608286
637;93;0.0337887605652213
637;251;0.0531918596476317
637;399;0.138055281434208
637;449;0.078288286505267
637;710;0.109782602312043
637;882;0.114888072805479
637;888;0.0595038242638111
637;906;0.194957279413939
638;92;0.0387477946467698
638;285;0.0326260948553681
638;429;0.110569620132446
638;509;0.114858565665782
638;572;0.18058203230612
638;748;0.0446219337638468
638;915;0.12786212512292
638;941;0.158908702107146
639;234;0.0876460638362914
639;240;0.0131986135616899
639;362;0.0979306702502072
639;630;0.0719852734357119
639;702;0.110866957390681
639;725;0.0164733794052154
639;746;0.0450409962330014
639;885;0.0305937754455954
640;166;0.16880812747404
640;318;0.114825255936012
640;329;0.0307116526179016
640;408;0.0727695789188147
640;483;0.187436823640019
640;697;0.163990057026967
640;867;0.00976899745874107
640;938;0.1663210763596
641;119;0.147407413832843
641;311;0.08627346502617
641;577;0.0666645996272564
641;642;0.0285349715966731
641;665;0.123966425377876
641;717;0.149592298595235
641;856;0.0381342643871903
641;930;0.0635125505272299
642;309;0.16157895103097
642;340;0.159816461429
642;402;0.112852158723399
642;411;0.103787271864712
642;524;0.00485564167611301
642;641;0.0933463660534471
642;804;0.115630492102355
642;829;0.00787257901392877
643;8;0.0471450827550143
643;158;0.146365002170205
643;455;0.176756846206263
643;487;0.170432697515935
643;492;0.0613503750879318
643;496;0.00252462672069669
643;625;0.0754631651099771
643;779;0.16670428677462
644;162;0.115648592216894
644;307;0.0128502579405904
644;318;0.135738761350513
644;513;0.137304731411859
644;687;0.157929647201672
644;734;0.0152093430049717
644;870;0.0717799560166895
644;991;0.0472785851918161
645;345;0.138644029060379
645;410;0.0958050286397338
645;481;0.11386330910027
645;482;0.0292796333320439
645;573;0.111411456670612
645;699;0.0255646879319102
645;894;0.0944521857425571
645;951;0.148319510091096
646;57;0.000537520227953792
646;103;0.140033866697922
646;167;0.118040287960321
646;197;0.0235915110912174
646;340;0.00380036467686296
646;433;0.0226376581471413
646;573;0.113095904886723
646;818;0.0901708870194852
647;18;0.148452505562454
647;108;0.161515828361735
647;109;0.0361981911584735
647;126;0.0707234918605536
647;170;0.168651892291382
647;189;0.0534127155318856
647;631;0.0126467669382691
647;828;0.00848857550881803
648;207;0.00624537840485573
648;411;0.132176246261224
648;507;0.0915021654684097
648;512;0.0521377226337791
648;556;0.113952918816358
648;829;0.0417122013866901
648;874;0.000885067321360111
648;969;0.0298288013786078
649;215;0.0271492033731192
649;227;0.0190172788221389
649;417;0.17827984909527
649;542;0.137067407183349
649;613;0.109700675029308
649;715;0.0623648094013333
649;880;0.153910343907774
649;980;0.137810142105445
650;151;0.145135420141742
650;228;0.0368963017128408
650;374;0.145957039436325
650;505;0.0780507245566696
650;529;0.0615992789156735
650;726;0.179177994374186
650;729;0.166905986517668
650;803;0.135869698831812
651;123;0.00881963255815208
651;149;0.0126458464656025
651;670;0.110936657572165
651;676;0.0772446352057159
651;802;0.169979370757937
651;923;0.0155524289701134
651;955;0.14921332844533
651;967;0.156127414898947
652;101;0.180846305890009
652;304;0.0976655527018011
652;622;0.152977281901985
652;628;0.155443929927424
652;704;0.0624836721457541
652;710;0.101066350424662
652;913;0.049522302672267
652;986;0.0124316434841603
653;75;0.177160114608705
653;136;0.114164086617529
653;420;0.15088866436854
653;605;0.0185635348316282
653;716;0.079790849937126
653;825;0.145499394787475
653;888;0.058304166328162
653;891;0.128701708232984
654;138;0.00503097753971815
654;270;0.00327473683282733
654;522;0.101172262523323
654;534;0.0142868224065751
654;551;0.043362447200343
654;612;0.112845065118745
654;682;0.0965585633181036
654;824;0.142809089133516
655;88;0.10790204918012
655;359;0.199874856648967
655;499;0.00288951806724072
655;525;0.166584594128653
655;692;0.0163856870494783
655;757;0.170659418171272
655;929;0.170856489986181
655;996;0.138302530301735
656;108;0.153411505697295
656;154;0.165407008398324
656;232;0.13190957759507
656;388;0.182378399651498
656;517;0.168617634382099
656;581;0.0943858712445945
656;657;0.114511032868177
656;787;0.0845600716304034
657;55;0.148096892144531
657;302;0.0953506077174097
657;615;0.0711061500012875
657;656;0.157889645593241
657;794;0.0677021104842424
657;817;0.0079313357360661
657;886;0.0556408534292132
657;923;0.0893758054357022
658;70;0.104250224214047
658;121;0.195249533932656
658;214;0.0497876404318959
658;356;0.025678507052362
658;370;0.138828059053048
658;474;0.151842075586319
658;489;0.0605200063437223
658;794;0.151721613947302
659;109;0.0233402875717729
659;307;0.0840516398660839
659;452;0.0144776881206781
659;808;0.0622136357240379
659;877;0.0966880592517555
659;882;0.0682441134471446
659;930;0.186377204023302
659;1000;0.183177564106882
660;360;0.140361996088177
660;424;0.0688998879864812
660;547;0.0438223549164832
660;677;0.0331162782851607
660;711;0.103396401274949
660;726;0.178326574992388
660;764;0.195510801207274
660;785;0.173022422008216
661;222;0.13071900815703
661;258;0.0634124087635428
661;274;0.152745438553393
661;519;0.174309066915885
661;686;0.118515536794439
661;721;0.164754428900778
661;863;0.193650355469435
661;874;0.0954959286842495
662;194;0.132552765356377
662;311;0.147425870690495
662;431;0.126084127044305
662;495;0.0161155481822789
662;523;0.113669056957588
662;544;0.176654017902911
662;593;0.0694862163159996
662;679;0.182929092738777
663;370;0.148941185092553
663;482;0.173796975519508
663;568;0.137546970276162
663;596;0.0659132027998567
663;778;0.180328002432361
663;921;0.168260354874656
663;966;0.0521342768799514
663;991;0.146366170607507
664;249;0.0692091518081725
664;441;0.180371773429215
664;473;0.197979427315295
664;820;0.0651147298514843
664;843;0.184037098754197
664;860;0.0588354138191789
664;949;0.0501519664656371
664;984;0.0306672471109778
665;211;0.195696436287835
665;280;0.139800008852035
665;288;0.0252222723327577
665;586;0.0453873108606786
665;620;0.183408341603354
665;641;0.0215292151551694
665;848;0.0676053178030998
665;961;0.0261794865131378
666;101;0.175704959733412
666;135;0.0802645312156528
666;628;0.0978249624371529
666;737;0.06707718889229
666;749;0.0165792805608362
666;750;0.00522753656841815
666;903;0.182925100531429
666;934;0.08109978614375
667;40;0.0734154594130814
667;207;0.162315413774923
667;247;0.0580527676269412
667;355;0.0998584787361324
667;417;0.0758016676642001
667;542;0.0635655522346497
667;560;0.172490239236504
667;718;0.0444794663228095
668;184;0.0809615741483867
668;451;0.0834693944547325
668;546;0.187164394697174
668;680;0.0902115304488689
668;686;0.108317723311484
668;845;0.0832787638064474
668;915;0.1458249327261
668;949;0.141263716528192
669;29;0.185463822353631
669;179;0.142057005269453
669;223;0.185712415631861
669;418;0.131986657343805
669;599;0.159508142340928
669;672;0.182769988896325
669;890;0.166476187948138
669;929;0.0156113446224481
670;560;0.185318028740585
670;619;0.0347687074914575
670;651;0.0809744581580162
670;682;0.0799862257670611
670;757;0.186073944577947
670;861;0.0446054521016777
670;910;0.0180083131417632
670;956;0.0896345819346607
671;359;0.0297981045674533
671;407;0.178547626361251
671;433;0.0536352072376758
671;459;0.077595170866698
671;561;0.0638648808468133
671;765;0.0806107621174306
671;946;0.134959406545386
671;995;0.199414766672999
672;154;0.04954190752469
672;234;0.174091989314184
672;243;0.06229631267488
672;286;0.129148881416768
672;489;0.164402246894315
672;613;0.0598475858569145
672;669;0.169792088726535
672;968;0.0129672001115978
673;7;0.103839485207573
673;100;0.164186205575243
673;441;0.15367947560735
673;544;0.102047169581056
673;556;0.0609257200732827
673;786;0.163328957976773
673;809;0.0629210754763335
673;942;0.0870106836315244
674;255;0.0414611784275621
674;289;0.159713721927255
674;466;0.196893020626158
674;633;0.0764673737809062
674;678;0.124475424038246
674;879;0.11702595744282
674;926;0.0635045846924186
674;941;0.00878147357143462
675;242;0.141443910868838
675;345;0.088095198944211
675;425;0.0176203865092248
675;430;0.111159518314525
675;553;0.0308835458010435
675;845;0.159778014849871
675;887;0.0733819114975631
675;963;0.0569556807167828
676;128;0.124561825953424
676;355;0.187710659112781
676;383;0.140835474710912
676;501;0.0276925909798592
676;520;0.0980991964228451
676;651;0.194641604227945
676;754;0.0919675200711936
676;873;0.129784018034115
677;80;0.00872102696448565
677;239;0.174846750264987
677;329;0.109661912778392
677;383;0.0537452533841133
677;474;0.198099928442389
677;587;0.0566859487909824
677;660;0.0172749614343047
677;842;0.0197675169445574
678;17;0.00102113243192434
678;196;0.0734096422791481
678;236;0.13013222804293
678;406;0.124594767903909
678;436;0.0638655870687217
678;481;0.0316026696469635
678;518;0.107925501978025
678;674;0.0363507002592087
679;181;0.0411117994226515
679;452;0.13744792942889
679;498;0.145846873009577
679;662;0.0110506184864789
679;731;0.106799373449758
679;808;0.0283517838921398
679;870;0.16552795637399
679;905;0.0480839766561985
680;94;0.190626383526251
680;192;0.100000911904499
680;370;0.125643287552521
680;453;0.194030140945688
680;506;0.0751567480154336
680;668;0.171208478463814
680;681;0.0794053813442588
680;798;0.17007392575033
681;48;0.0892141029238701
681;341;0.171265057334676
681;471;0.0258814207278192
681;516;0.018814503448084
681;532;0.102310527628288
681;680;0.0502329519484192
681;716;0.199465727433562
681;893;0.13644409449771
682;58;0.0357733247801661
682;95;0.0229054725728929
682;278;0.121983334841207
682;541;0.0921305078081787
682;654;0.104895379533991
682;670;0.198365007154644
682;892;0.0303226896561682
682;996;0.0107927998527884
683;246;0.099783448735252
683;318;0.0109268818981946
683;467;0.163926705531776
683;635;0.141748918453231
683;717;0.043774334853515
683;758;0.189006110932678
683;850;0.154850206151605
683;858;0.12634407277219
684;105;0.134860210772604
684;161;0.195141416694969
684;244;0.0522510388866067
684;283;0.0280792557634413
684;320;0.0871494688093662
684;449;0.00293836360797286
684;773;0.193722402816638
684;830;0.0675095041748136
685;326;0.00763388951309025
685;381;0.00619685235433281
685;444;0.00606531593948603
685;572;0.0368350957054645
685;759;0.157811140222475
685;795;0.104189360653982
685;872;0.154210471734405
685;927;0.0751064261421561
686;82;0.129015836212784
686;129;0.0770334938075393
686;278;0.0505576943047345
686;535;0.139199533453211
686;661;0.184452778985724
686;668;0.178410040354356
686;789;0.065787357557565
686;801;0.0314588829409331
687;150;0.123163538891822
687;203;0.0580175072420389
687;452;0.120240551885217
687;479;0.124910547304899
687;644;0.0450058471877128
687;790;0.0402553455904126
687;870;0.13945726044476
687;976;0.0639359229244292
688;449;0.197458471450955
688;450;0.190166571550071
688;467;0.143930704379454
688;512;0.122731864638627
688;542;0.102620417997241
688;797;0.186145455576479
688;958;0.0997684982139617
688;995;0.00888518914580345
689;67;0.0248251663986594
689;317;0.0709505137056112
689;344;0.187415418820456
689;439;0.021004264941439
689;483;0.140556736849248
689;515;0.162185354949906
689;804;0.122696039779112
689;952;0.0101746839936823
690;59;0.168239832669497
690;157;0.154576187953353
690;471;0.0843317840714008
690;818;0.0575041915290058
690;835;0.0381456929724664
690;840;0.117963773477823
690;853;0.112392630893737
690;916;0.0487287793308497
691;37;0.0290236367844045
691;66;0.025970160914585
691;191;0.169213930051774
691;260;0.0409171096049249
691;465;0.0592806550208479
691;813;0.141549708554521
691;938;0.0876970402430743
691;964;0.0617192179895937
692;72;0.15902998810634
692;76;0.0644884019624442
692;184;0.163913257839158
692;220;0.17206380548887
692;618;0.0182497800327837
692;655;0.0699986788909882
692;802;0.121114980941638
692;891;0.101052183983848
693;134;0.084901694720611
693;182;0.168458234192804
693;209;0.0814501186832786
693;276;0.0643101155757904
693;329;0.00995276505127549
693;734;0.0231922194827348
693;982;0.0292830811813474
693;992;0.0301876887213439
694;127;0.0528672933578491
694;292;0.157229868182912
694;556;0.0949221469461918
694;763;0.0858649828471243
694;787;0.103966541634873
694;821;0.0332029065582901
694;903;0.161547458730638
694;934;0.177057813946158
695;57;0.0808515198528767
695;253;0.100881915632635
695;418;0.0831020043231547
695;431;0.149085215572268
695;502;0.159076134255156
695;744;0.178948742337525
695;868;0.0401210733223707
695;881;0.12480793283321
696;24;0.0529127631802112
696;405;0.0909441886004061
696;427;0.0879827258177102
696;553;0.0442050507292151
696;627;0.190708151645958
696;725;0.19774359241128
696;746;0.169534972403198
696;886;0.156143764499575
697;36;0.136093719908968
697;250;0.191426824545488
697;349;0.108855138998479
697;520;0.133576924586669
697;526;0.132540490478277
697;597;0.187815024843439
697;640;0.019128628121689
697;723;0.0628273650072515
698;47;0.142875785566866
698;341;0.179761323984712
698;378;0.157996709039435
698;473;0.0499150811694562
698;487;0.175483131129295
698;525;0.123084467090666
698;702;0.064305128948763
698;799;0.0893239692784846
699;110;0.0371263964567333
699;215;0.0259410663507879
699;516;0.0837874171789736
699;645;0.138666000869125
699;768;0.16971208662726
699;774;0.0883365541230887
699;945;0.0210829152259976
699;983;0.114935402246192
700;240;0.0479952437803149
700;435;0.162675072997808
700;532;0.0847093383781612
700;624;0.00932701868005097
700;748;0.154814932169393
700;793;0.16637215106748
700;801;0.100113143911585
700;812;0.177925192704424
701;266;0.190086088189855
701;349;0.110005433438346
701;431;0.110866625234485
701;519;0.171262509189546
701;733;0.014670500298962
701;777;0.0869286980014294
701;901;0.156797267915681
701;930;0.00923023712821305
702;94;0.0532448090612888
702;281;0.0247494080569595
702;486;0.149426254676655
702;521;0.176562721095979
702;564;0.110468464577571
702;639;0.148195569170639
702;698;0.118237984646112
702;980;0.151718418160453
703;473;0.0997335685417056
703;576;0.0783615414984524
703;621;0.176790277054533
703;626;0.153883361071348
703;851;0.082189282309264
703;874;0.175270760105923
703;980;0.111960739688948
703;989;0.199178144754842
704;531;0.125894383760169
704;549;0.089031681837514
704;628;0.0266157967038453
704;652;0.0223920155316591
704;837;0.082538207154721
704;914;0.0549114833120257
704;954;0.124201312987134
704;986;0.0655840496532619
705;117;0.111741464445367
705;310;0.0620687813963741
705;323;0.00417069192044437
705;329;0.0802398782689124
705;730;0.115129064861685
705;886;0.079747215192765
705;938;0.0745931840501726
705;943;0.0168654625304043
706;47;0.124139664368704
706;196;0.110611448157579
706;452;0.104763485491276
706;517;0.0730549571570009
706;782;0.0604062371887267
706;840;0.0557950985152274
706;843;0.121089632622898
706;933;0.058718664618209
707;579;0.156929217884317
707;595;0.109156049368903
707;787;0.0949961477890611
707;788;0.186990025453269
707;832;0.0655845140106976
707;858;0.165887968987226
707;912;0.0462046973407269
707;937;0.0784504433628172
708;106;0.0664477428887039
708;334;0.191495416173711
708;485;0.032628626562655
708;719;0.0107711320277303
708;783;0.0887628044001758
708;800;0.0336090269498527
708;839;0.0796191122382879
708;990;0.074126713257283
709;138;0.10987766967155
709;245;0.163284650817513
709;270;0.101397951319814
709;533;0.0389932880178094
709;587;0.0623515761923045
709;750;0.0946920726913959
709;775;0.0492907026316971
709;926;0.0772179202642292
710;120;0.0797453930135816
710;185;0.0431402483489364
710;476;0.13677770299837
710;637;0.118431128375232
710;652;0.111980658816174
710;909;0.0895756833720952
710;932;0.0291146186180413
710;984;0.199582792585716
711;59;0.0609556064475328
711;508;0.0374857309274375
711;624;0.132876785937697
711;660;0.187985946983099
711;784;0.171068310365081
711;850;0.158513906411827
711;928;0.0641400568187237
711;965;0.0567894949577749
712;228;0.132954880688339
712;344;0.0420222690328956
712;391;0.0197924475651234
712;733;0.198617936857045
712;740;0.0168282507453114
712;753;0.0448968332260847
712;899;0.175808633724228
712;958;0.0475613222457469
713;380;0.141190185211599
713;443;0.0950463079847396
713;537;0.0358752493280917
713;579;0.00642801038920879
713;636;0.0914749161805958
713;811;0.0805499874055386
713;903;0.109679502202198
713;937;0.154873150866479
714;135;0.142968869861215
714;223;0.117756948433816
714;495;0.0817776364739984
714;566;0.137902241572738
714;618;0.130102020362392
714;621;0.109372569946572
714;935;0.0986455116420984
714;987;0.0854875832330436
715;307;0.117062643822283
715;410;0.114858622895554
715;479;0.184128657775
715;562;0.138905821926892
715;629;0.181664148718119
715;649;0.0973601202946156
715;804;0.079238659562543
715;924;0.0775904873851687
716;380;0.19785490622744
716;463;0.0932294504716992
716;563;0.103478751378134
716;598;0.0268946240190417
716;653;0.139353997539729
716;681;0.0302579727955163
716;862;0.0914651679806411
716;966;0.154756550258026
717;385;0.168106226995587
717;569;0.0724192276131362
717;592;0.0990320852957666
717;641;0.148717078799382
717;683;0.0484229656402022
717;771;0.165714038722217
717;802;0.168059645360336
717;974;0.184918150026351
718;33;0.00375085091218352
718;101;0.170069409301504
718;393;0.166189510188997
718;449;0.0242469046264887
718;590;0.00714095523580909
718;667;0.034612456522882
718;914;0.194317408511415
718;937;0.0705194395035505
719;216;0.131082026939839
719;432;0.117896487377584
719;494;0.0528997759334743
719;504;0.0853661797009408
719;708;0.106692620413378
719;795;0.193886378780007
719;971;0.107170035364106
719;976;0.0817094908561558
720;134;0.151464306842536
720;204;0.174784699268639
720;227;0.127903134329244
720;397;0.0162500477395952
720;480;0.123092902265489
720;499;0.0394797460641712
720;501;0.195164301805198
720;577;0.00142190102487803
721;107;0.0835134579800069
721;312;0.130457082111388
721;359;0.0578787324018776
721;515;0.0267863876186311
721;661;0.0515969175845385
721;784;0.0667081140913069
721;829;0.0187502697110176
721;890;0.0967112109530717
722;12;0.185994057450444
722;345;0.12804172267206
722;442;0.123081167927012
722;524;0.0957461926154792
722;552;0.068865307373926
722;780;0.116143545415252
722;787;0.055776536418125
722;833;0.166487544914708
723;53;0.0140759438741952
723;143;0.175233069248497
723;386;0.134943521674722
723;522;0.155171389319003
723;697;0.0552732073236257
723;755;0.041035548131913
723;801;0.05949692055583
723;959;0.0390804239083082
724;63;0.0554110735654831
724;81;0.0391613531857729
724;206;0.0634063981473446
724;322;0.0155510826036334
724;403;0.0786553136538714
724;550;0.05701983734034
724;564;0.195350169437006
724;836;0.0851039685774595
725;187;0.165940195322037
725;437;0.0504033184610307
725;628;0.0994429420679808
725;639;0.0621471390128136
725;696;0.17415062119253
725;798;0.0616398706566542
725;831;0.0977054694667459
725;900;0.166902806144208
726;63;0.145915047917515
726;291;0.112919462192804
726;525;0.129568046052009
726;650;0.177114932518452
726;660;0.111889382079244
726;732;0.180907129868865
726;906;0.183615778340027
726;983;0.126213004859164
727;75;0.11972236847505
727;168;0.0926475833170116
727;353;0.179164626542479
727;551;0.0852811004035175
727;566;0.056474879803136
727;931;0.0676963870879263
727;934;0.165238094748929
727;935;0.0720432238653302
728;57;0.0849019520450384
728;83;0.100651499116793
728;404;0.158000734634697
728;459;0.114513822831213
728;494;0.077090012608096
728;503;0.116943307360634
728;538;0.188580106478184
728;859;0.0997748015914112
729;217;0.19727771859616
729;263;0.066555450996384
729;416;0.121072091301903
729;447;0.182993354555219
729;499;0.00651138024404645
729;620;0.0175286738201976
729;650;0.0327701437287033
729;776;0.0502777139190584
730;197;0.0875000048894435
730;454;0.00426438343711197
730;526;0.0820814132224768
730;536;0.0564802481327206
730;589;0.164058797014877
730;705;0.187012753309682
730;735;0.00730010592378676
730;794;0.0661644055508077
731;342;0.192311160918325
731;367;0.164582166913897
731;474;0.0535942861344665
731;520;0.0283285902813077
731;565;0.117478604894131
731;679;0.0185626308899373
731;815;0.130617943080142
731;993;0.0665339589118958
732;29;0.0763052028138191
732;156;0.033888425026089
732;436;0.00616197916679084
732;613;0.0919756481889635
732;726;0.0780039321631193
732;754;0.0503143289126456
732;847;0.142364174267277
732;973;0.125192969897762
733;260;0.0534498928114772
733;492;0.0275206224992871
733;523;0.0662716352380812
733;554;0.195263940142468
733;588;0.187252473738045
733;701;0.199380730092525
733;712;0.155282877897844
733;758;0.181603185506538
734;401;0.187447268282995
734;527;0.0600282672327012
734;644;0.00417733881622553
734;693;0.0873901219107211
734;740;0.0703702199738473
734;860;0.00250622206367552
734;890;0.12306730793789
734;955;0.12341247452423
735;147;0.0790581235662103
735;463;0.133083218941465
735;730;0.111185371689498
735;739;0.112434710608795
735;757;0.0858062276616693
735;813;0.0729994045104831
735;914;0.068838877370581
735;929;0.195381627138704
736;87;0.0137981709092855
736;96;0.00205867369659245
736;210;0.180725143104792
736;352;0.0915687739849091
736;434;0.157690184749663
736;797;0.0991250484250486
736;891;0.0177678931970149
736;981;0.033782923175022
737;453;0.187151540257037
737;540;0.182811271212995
737;553;0.15762815293856
737;634;0.0981230665463954
737;666;0.143979044491425
737;770;0.131811924278736
737;845;0.190157370222732
737;946;0.119305652193725
738;13;0.075849354499951
738;49;0.129116726154462
738;247;0.131524699088186
738;398;0.177093874057755
738;428;0.0322507279925048
738;574;0.136614799452946
738;765;0.0528993086889386
738;985;0.169002717547119
739;224;0.102240875130519
739;283;0.0254376230295748
739;311;0.184912081249058
739;540;0.104902501450852
739;735;0.122285608481616
739;884;0.147526197647676
739;931;0.00186371277086437
739;999;0.117527145985514
740;72;0.138906664447859
740;384;0.0441055783070624
740;567;0.16805772469379
740;636;0.00556762679480016
740;712;0.0793561154510826
740;734;0.120839823409915
740;766;0.0085761405993253
740;819;0.0603255015797913
741;175;0.156813479354605
741;183;0.0648793908767402
741;300;0.0492667946964502
741;407;0.0139036947861314
741;445;0.00209070234559476
741;453;0.0418697747867554
741;608;0.040182862104848
741;835;0.137546930043027
742;6;0.0166738449130207
742;137;0.0708139408845454
742;273;0.126794809103012
742;278;0.178163100173697
742;357;0.193472790671512
742;374;0.174577770242468
742;465;0.0137258447241038
742;812;0.0284050490707159
742;900;0.19412001427263
743;279;0.130446647107601
743;392;0.0166952011641115
743;460;0.0954546898603439
743;487;0.0248080143239349
743;616;0.039168821554631
743;746;0.0743965789675713
743;833;0.157968858163804
743;908;0.0705718700774014
743;935;0.140082308230922
744;82;0.115248720580712
744;210;0.157690570596606
744;274;0.1646324547939
744;372;0.00395127260126174
744;695;0.0617819533217698
744;816;0.184390920167789
744;821;0.0741425149608403
744;918;0.196873388905078
744;969;0.0861203227192164
745;114;0.154673875356093
745;211;0.197547187190503
745;247;0.183985646348447
745;389;0.189612253475934
745;399;0.0920454558450729
745;456;0.000217774463817477
745;827;0.0512700050137937
745;864;0.114761377731338
745;992;0.0500465732533485
746;432;0.159318495634943
746;583;0.0393538071308285
746;639;0.151872372580692
746;696;0.0992115333676338
746;743;0.173793436121196
746;846;0.13867995524779
746;877;0.0805823412258178
746;941;0.106135771190748
746;948;0.110711722867563
747;316;0.0933525162748993
747;356;0.196325913956389
747;439;0.0989813078194857
747;442;0.0744733846280724
747;552;0.190446696756408
747;809;0.154952792869881
747;943;0.151749633438885
747;950;0.0110331571195275
747;966;0.0834219439420849
748;153;0.187160633318126
748;456;0.160509182931855
748;482;0.0446099986322224
748;626;0.0793244043365121
748;638;0.0919031750876457
748;700;0.0685579672455788
748;846;0.093597662076354
748;897;0.0269073003903031
748;919;0.0168743384536356
749;19;0.130205626413226
749;343;0.0752300164662302
749;469;0.0442495585884899
749;589;0.160392258455977
749;666;0.174051101366058
749;841;0.0287268528249115
749;861;0.11295306426473
749;865;0.194046174548566
749;994;0.0399296028073877
750;104;0.197171626519412
750;583;0.0755393945146352
750;623;0.045741765992716
750;666;0.103141875425354
750;709;0.150132906064391
750;830;0.114702021051198
750;843;0.0919320004992187
750;912;0.174518376262859
750;949;0.0566690298728645
751;186;0.00772040928713977
751;227;0.0623496026266366
751;294;0.0483638890553266
751;354;0.117372873239219
751;518;0.00580256092362106
751;844;0.022457046341151
751;866;0.113995507825166
751;913;0.0977598395198584
751;981;0.0385060594417155
752;125;0.134606977086514
752;278;0.0324933980125934
752;291;0.0754669570364058
752;296;0.027077620383352
752;590;0.0336724935099483
752;627;0.0944589905440807
752;754;0.0961183940060437
752;918;0.197990231961012
752;959;0.00146347153931856
753;163;0.195975310867652
753;164;0.101056352863088
753;197;0.00027056010439992
753;395;0.0826399677433074
753;448;0.00606099450960755
753;712;0.0624657323118299
753;892;0.0826667740475386
753;911;0.0129194315522909
753;921;0.0845661541447044
754;129;0.0482312381267548
754;676;0.107155123725533
754;732;0.113818987831473
754;752;0.0587218298576772
754;814;0.107340852729976
754;836;0.105500090820715
754;891;0.186815721727908
754;959;0.0788007142487913
754;964;0.0972671172581613
755;22;0.0505881765391678
755;29;0.068220111168921
755;254;0.0148309901822358
755;298;0.0508088438771665
755;436;0.0502829916309565
755;443;0.0672097036615014
755;561;0.0167944338172674
755;597;0.0703262052964419
755;723;0.0657888694666326
756;224;0.129074036935344
756;275;0.101631951192394
756;517;0.00166250839829445
756;519;0.0662986435461789
756;583;0.143155848607421
756;840;0.0393901139963418
756;849;0.145875828759745
756;933;0.188576737092808
756;969;0.084004370868206
757;10;0.0776628645602614
757;199;0.16453956621699
757;538;0.119151233136654
757;655;0.143043545214459
757;670;0.176338607957587
757;735;0.076803000131622
757;816;0.153611228475347
757;875;0.190136813186109
757;911;0.042842519748956
758;133;0.130505805136636
758;343;0.118788213981316
758;607;0.122093730978668
758;683;0.137805631104857
758;733;0.142131827119738
758;859;0.0623295648954809
758;939;0.195528507512063
758;957;0.031544505758211
758;984;0.0669115658849478
759;64;0.119726624758914
759;316;0.0457492791581899
759;421;0.0348564257845283
759;523;0.149842449789867
759;599;0.197167554218322
759;685;0.0352051459718496
759;800;0.0498721158597618
759;810;0.197369391238317
759;981;0.0481230621691793
760;441;0.179492718819529
760;505;0.195953274704516
760;520;0.115886943833902
760;592;0.123684207582846
760;594;0.0131684106774628
760;614;0.0491274525877088
760;624;0.128859313717112
760;804;0.0218634563498199
760;826;0.0608793579041958
761;129;0.163914581108838
761;510;0.0174687494989485
761;533;0.0686683241277933
761;601;0.131192955141887
761;632;0.0282065798994154
761;784;0.0654118736740202
761;793;0.0156817366369069
761;848;4.44600358605385e-05
761;868;0.0559099374338985
762;36;0.140029117511585
762;398;0.112645108113065
762;493;0.126795506151393
762;539;0.131111463718116
762;610;0.195650115096942
762;807;0.0499600593466312
762;918;0.109451036108658
762;944;0.145114855794236
762;987;0.0247241716831923
763;46;0.105917923571542
763;179;0.156362990103662
763;468;0.00431981757283211
763;582;0.00258112763985991
763;694;0.155476623866707
763;818;0.150227044615895
763;835;0.195581465261057
763;899;0.171027712756768
763;988;0.181053072074428
764;137;0.0463538486044854
764;158;0.0512648621108383
764;442;0.0613659566733986
764;485;0.0803089874796569
764;524;0.13897037752904
764;608;0.0768001699820161
764;660;0.0755553466733545
764;814;0.147736734850332
764;997;0.120010007312521
765;412;0.101109436806291
765;429;0.17289492203854
765;493;0.00635584648698568
765;521;0.148082608450204
765;531;0.03470154334791
765;584;0.0758395176380873
765;671;0.0488208835013211
765;738;0.0874773916788399
765;996;0.127952027926221
766;384;0.0501591551117599
766;396;0.0536816709674895
766;469;0.117671228013933
766;515;0.0721357340924442
766;517;0.0654318637214601
766;563;0.0120145073160529
766;626;0.114563669590279
766;740;0.181211144570261
766;891;0.0130942324642092
767;195;0.128812558110803
767;204;0.0232303912751377
767;365;0.0264797059353441
767;428;0.0155185571871698
767;625;0.144712790846825
767;799;0.13449584171176
767;818;0.166634925687686
767;962;0.143902976298705
767;972;0.163739285618067
768;303;0.0124077449087054
768;379;0.149014736432582
768;528;0.152170704770833
768;699;0.195359044615179
768;830;0.0223145017400384
768;836;0.175606908230111
768;856;0.0824927183333784
768;874;0.0428114803973585
768;892;0.0171613739337772
769;14;0.0205444901250303
769;281;0.193049060646445
769;338;0.135498902481049
769;779;0.0572914822027087
769;783;0.159285688307136
769;866;0.0323958880733699
769;872;0.149369455641136
769;904;0.0785692350938916
769;950;0.0484701794106513
770;99;0.178224993404001
770;118;0.174584537371993
770;488;0.165373461646959
770;737;0.114039277844131
770;776;0.0891171095427126
770;795;0.147163328435272
770;857;0.172742300061509
770;898;0.187924023577943
770;940;0.151889255968854
771;203;0.15446859607473
771;229;0.194016839005053
771;282;0.144844119250774
771;293;0.0785762392915785
771;367;0.164634359674528
771;369;0.13457209886983
771;436;0.0786013547796756
771;592;0.0796350250486285
771;717;0.0620554560795426
772;212;0.0483446559868753
772;233;0.193335206666961
772;359;0.063196667144075
772;380;0.195199450151995
772;516;0.192769129620865
772;581;0.107547514000908
772;904;0.0194134184159338
772;923;0.00674285353161395
772;982;0.103451408911496
773;161;0.128434449620545
773;315;0.0636914199683815
773;399;0.0734856653958559
773;503;0.0701452462933958
773;634;0.0933234840631485
773;684;0.0611439653672278
773;864;0.00291932593099773
773;907;0.0560093516018242
773;960;0.0106041720137
774;110;0.0864639888051897
774;178;0.0715783415362239
774;206;0.176524314144626
774;239;0.0856453178450465
774;554;0.00671659531071782
774;699;0.177403394551948
774;780;0.0704551564063877
774;842;0.175880392454565
774;857;0.0979568052105606
775;205;0.0584874414838851
775;257;0.0562673865351826
775;258;0.0779681028798223
775;514;0.175769750401378
775;536;0.0474729527253658
775;580;0.0488256486132741
775;709;0.128258101502433
775;885;0.13062511747703
775;905;0.00833077649585903
776;35;0.0226284006144851
776;50;0.129422117397189
776;232;0.0842360587324947
776;297;0.0880930679384619
776;550;0.133087197970599
776;729;0.0239981579128653
776;770;0.0674255350138992
776;841;5.38243446499109e-05
776;958;0.0182706627063453
777;319;0.0475704370066524
777;352;0.138332167221233
777;593;0.182182959839702
777;605;0.192037867568433
777;701;0.155134283797815
777;844;0.045931343967095
777;882;0.0131400633603334
777;889;0.0464399575255811
777;1000;0.118146465765312
778;7;0.147409233916551
778;242;0.121937568951398
778;428;0.0987290906719863
778;455;0.147605887008831
778;569;0.11881326911971
778;585;0.00445660031400621
778;663;0.175000525312498
778;902;0.174069043900818
778;965;0.00237982012331486
779;216;0.072680298704654
779;264;0.0731242862995714
779;301;0.119386537652463
779;552;0.154756520362571
779;643;0.106576321460307
779;769;0.146986678987741
779;801;0.00212064660154283
779;939;0.035133678978309
779;994;0.19341021059081
780;124;0.0673314727842808
780;460;0.118906044168398
780;567;0.126663003442809
780;574;0.153416594443843
780;722;0.129303720733151
780;774;0.0133514956571162
780;823;0.00660183723084629
780;881;0.130513498326764
780;929;0.128430091496557
781;124;0.0607964417431504
781;249;0.0951205837540329
781;371;0.0666454919148236
781;422;0.12061711945571
781;556;0.114045310672373
781;572;0.0851723583415151
781;574;0.0708118706010282
781;790;0.00182652031071484
781;977;0.0964120584540069
782;136;0.0589538101572543
782;457;0.0317373668309301
782;554;0.0888889711815864
782;608;0.0689550231676549
782;706;0.193780785799026
782;800;0.0178824064787477
782;847;0.162630528165028
782;960;0.192671997752041
782;975;0.124767431663349
783;337;0.18517944496125
783;480;0.13247465970926
783;509;0.0961072389036417
783;588;0.0723245514556766
783;708;0.199366737762466
783;769;0.193942252127454
783;878;0.0689530521631241
783;884;0.145325834676623
783;969;0.178990161884576
784;102;0.137053891178221
784;235;0.19449105290696
784;458;0.171668097982183
784;514;0.0720800451934338
784;624;0.179041365534067
784;711;0.054203318990767
784;721;0.0713678269181401
784;761;0.0772796458564699
784;973;0.192363898595795
785;188;0.193414768949151
785;250;0.150397629244253
785;364;0.1177701999899
785;368;0.0816163134761155
785;398;0.188954435056075
785;599;0.00480151386000216
785;660;0.145979602774605
785;895;0.00512009793892503
785;978;0.109421813022345
786;172;0.0520393344108015
786;263;0.110315054142848
786;367;0.0143743550870568
786;417;0.00486635994166136
786;469;0.00451044403016567
786;629;0.172737586079165
786;673;0.134324618894607
786;915;0.0261436338536441
786;948;0.174466262292117
787;456;0.101243348000571
787;624;0.107073204638436
787;656;0.0523542949464172
787;694;0.114845237089321
787;707;0.0488210279494524
787;722;0.0538518988061696
787;817;0.18013646537438
787;860;0.127526167174801
787;875;0.0608484778553247
788;211;0.0814179512206465
788;289;0.175670401426032
788;368;0.16375212194398
788;397;0.142601552698761
788;432;0.167000949662179
788;493;0.19868115070276
788;707;0.135066901892424
788;874;0.0578968811314553
788;974;0.121172547666356
789;276;0.138675783900544
789;415;0.181047450611368
789;441;0.0784566021990031
789;519;0.0814693367108703
789;558;0.0523754920810461
789;686;0.0121676056180149
789;881;0.124828213220462
789;896;0.0600089381448925
789;983;0.0662539844866842
790;100;0.104337636614218
790;234;0.0175866784993559
790;306;0.0470548610202968
790;325;0.0293368787039071
790;377;0.0674848490860313
790;410;0.179342777002603
790;594;0.151048118760809
790;687;0.0214342983439565
790;781;0.162026244727895
791;56;0.197193468082696
791;254;0.0992445022333413
791;445;0.0513798159081489
791;465;0.189703971613199
791;524;0.0427911267615855
791;849;0.0381256127264351
791;863;0.0172867267858237
791;922;0.171324199158698
791;946;0.013036192394793
792;346;0.0336901350878179
792;422;0.176770005142316
792;426;0.104435328999534
792;525;0.0156719649210572
792;556;0.0363817072939128
792;608;0.101791609125212
792;609;0.115611651306972
792;827;0.0154535203240812
792;978;0.0431979415472597
793;161;0.103345413086936
793;435;0.124893599329516
793;567;0.135394580988213
793;571;0.117694253707305
793;700;0.196510893246159
793;761;0.0206568032503128
793;941;0.0682742360979319
793;961;0.186350077949464
793;980;0.051388478372246
794;272;0.0199950974900275
794;308;0.0158153058029711
794;328;0.181446482194588
794;464;0.0117189327254891
794;574;0.196957659302279
794;657;0.105933552933857
794;658;0.0752804134506732
794;730;0.161914584226906
794;948;0.183987567014992
795;424;0.0349169981200248
795;521;0.167371021024883
795;532;0.177049733186141
795;685;0.00411956924945116
795;719;0.0394202785566449
795;770;0.163321090955287
795;848;0.0596075541339815
795;965;0.0109782623127103
795;978;0.181895475275815
796;141;0.0660956362728029
796;167;0.163985969498754
796;294;0.160957611491904
796;323;0.0762747084721923
796;450;0.106965825054795
796;526;0.0101644393987954
796;557;0.147049848828465
796;585;0.0343469619285315
796;936;0.0778443142771721
797;39;0.0507636603433639
797;222;0.187678822362795
797;575;0.0223975026514381
797;582;0.0592746835201979
797;688;0.107704574661329
797;736;0.00774882361292839
797;812;0.0706227757502347
797;824;0.105626169871539
797;981;0.180767658585683
798;254;0.103944012476131
798;350;0.0091366610955447
798;586;0.00294241094961762
798;620;0.0756547713652253
798;634;0.15362792997621
798;680;0.113074596133083
798;725;0.0408766368404031
798;845;0.116302973823622
798;904;0.108922200789675
799;282;0.101129516167566
799;295;0.192527378862724
799;351;0.056103460630402
799;455;0.022470150096342
799;487;0.0828578366432339
799;619;0.101889023883268
799;698;0.192925258306786
799;767;0.150668158940971
799;891;0.172535510035232
800;50;0.149706266215071
800;175;0.075968988891691
800;370;0.196576284989715
800;514;0.0726824992801994
800;708;0.121243481058627
800;759;0.0663517016917467
800;782;0.169086341187358
800;877;0.126182194333524
800;927;0.0792016238439828
801;284;0.17614166806452
801;426;0.134791495185345
801;548;0.166880244389176
801;686;0.168074866104871
801;700;0.0561434590257704
801;723;0.0403280440252274
801;779;0.181285731121898
801;848;0.196269377879798
801;868;0.174164803465828
802;12;0.0360952201299369
802;27;0.193342533102259
802;171;0.0395103579387069
802;313;0.0579693934880197
802;516;0.113933063857257
802;564;0.0740967298857868
802;651;0.146968712192029
802;692;0.0826723827514798
802;717;0.000954046426340938
803;229;0.0674039775971323
803;253;0.036650856398046
803;374;0.00816393559798598
803;446;0.184186114836484
803;447;0.111716968426481
803;531;0.000147547852247953
803;650;0.0948632531799376
803;937;0.191570541867986
803;1000;0.0130789735820144
804;115;0.11427711835131
804;148;0.192038399353623
804;367;0.0376934321597219
804;642;0.177726464113221
804;689;0.0961907210759819
804;715;0.0741874285042286
804;760;0.197491717711091
804;826;0.0785409125965089
804;879;0.14811838073656
805;273;0.0724911862052977
805;333;0.0362224586773664
805;394;0.132073297165334
805;428;0.172682095132768
805;504;0.0936853448394686
805;530;0.0101725246291608
805;557;0.0482054891530424
805;588;0.0311964747030288
805;981;0.172618968319148
806;49;0.0920527745038271
806;107;0.0900547524914145
806;145;0.155394167406484
806;257;0.00397751750424504
806;388;0.0679446603171527
806;547;0.157349645951763
806;578;0.119801846053451
806;879;0.126596945011988
806;901;0.0195547353010625
807;118;0.190334892319515
807;229;0.174851051345468
807;277;0.152450076397508
807;299;0.161477452842519
807;497;0.0813497264869511
807;505;0.108653663191944
807;587;0.11134236799553
807;762;0.0686868232674897
807;980;0.0425833274144679
808;32;0.0510068453382701
808;60;0.133561073755845
808;152;0.0615679518785328
808;447;0.131104154279456
808;659;0.143455458898097
808;679;0.0443377378862351
808;861;0.0534855682868511
808;871;0.0599371061194688
808;971;0.176862616511062
809;117;0.166163412388414
809;347;0.115767102316022
809;365;0.0676813553087413
809;447;0.102198892971501
809;503;0.195367846963927
809;591;0.0840501313563436
809;673;0.00226719523780048
809;747;0.0824498159345239
809;960;0.162337143486366
810;111;0.146475693350658
810;124;0.174219412496313
810;255;0.0242085706442595
810;306;0.0745998311322182
810;382;0.184422755800188
810;461;0.00878763562068343
810;759;0.0119858348276466
810;840;0.00895930849947035
810;846;0.0534806944429874
811;1;0.139385092770681
811;396;0.0739622740540653
811;434;0.118450445728377
811;489;0.178819977166131
811;713;0.0438362789340317
811;882;0.100881535653025
811;901;0.146369496919215
811;924;0.197717168368399
811;952;0.157293227361515
812;130;0.118482164572924
812;230;0.0325873158406466
812;364;0.114514338597655
812;469;0.063032157626003
812;700;0.0640083825681359
812;742;0.182907569408417
812;797;0.0507814709562808
812;882;0.0672298620920628
812;983;0.0214617422316223
813;152;0.0718055420089513
813;218;0.115122748771682
813;267;0.0816283150110394
813;318;0.113730067759752
813;335;0.176442160783336
813;691;0.032294830493629
813;735;0.0479545501992106
813;852;0.149672048026696
813;954;0.00277900425717235
814;264;0.0925205606967211
814;307;0.139338749507442
814;326;0.146147024584934
814;579;0.132234148075804
814;754;0.00936749614775181
814;764;0.0181852019857615
814;967;0.0839551467448473
814;975;0.108116368483752
814;978;0.0390537958126515
815;233;0.161365131475031
815;255;0.0536692582070828
815;305;0.144732419494539
815;364;0.0550518660340458
815;612;0.0854842983651906
815;731;0.0711530014872551
815;830;0.126185772102326
815;855;0.00671417219564319
815;861;0.0654345816932619
816;59;0.104100865777582
816;108;0.0806480183266103
816;177;0.0128392188809812
816;259;0.11719943927601
816;276;0.104326643096283
816;744;0.122143696853891
816;757;0.166614312725142
816;823;0.118746737204492
816;869;0.0483446651604027
817;141;0.138813074212521
817;277;0.114377189427614
817;657;0.156164103606716
817;787;0.04865567907691
817;873;0.155270612519234
817;925;0.119589497195557
817;965;0.160885410383344
817;982;0.180931819137186
817;986;0.026029176870361
818;226;0.0729252861812711
818;555;0.187564702099189
818;646;0.039835297036916
818;690;0.189801060175523
818;763;0.198358086869121
818;767;0.0837177480570972
818;835;0.0325851244386286
818;864;0.165894965594634
818;912;0.0106217388063669
819;72;0.0160481865052134
819;144;0.0123548418283463
819;555;0.141638079285622
819;559;0.0713969392236322
819;569;0.0490406705997884
819;740;0.185547124734148
819;821;0.110818236973137
819;863;0.119212449481711
819;872;0.15588025264442
820;365;0.104161045700312
820;383;0.153853123495355
820;520;0.00512585993856192
820;560;0.166139717819169
820;634;0.146747797122225
820;664;0.053546555666253
820;867;0.0530605333391577
820;945;0.0471060170792043
820;994;0.174411115515977
821;139;0.141857135063037
821;174;0.1131243490614
821;559;0.10672333012335
821;622;0.166466945875436
821;694;0.181111152702943
821;744;0.17532758214511
821;819;0.000579735776409507
821;855;0.199354992248118
821;985;0.143381300987676
822;96;0.0582940783817321
822;162;0.0308771834243089
822;213;0.0149240924976766
822;227;0.154138036258519
822;348;0.150526006706059
822;503;0.0810748740565032
822;580;0.152165229897946
822;878;0.146375275682658
822;953;0.093317412212491
823;396;0.0220065741334111
823;512;0.024623783538118
823;545;0.174741788255051
823;609;0.177556688478217
823;780;0.0825892677996308
823;816;0.0502114114351571
823;850;0.0274146674666554
823;862;0.112891909061
823;914;0.188439367944375
824;23;0.016782857850194
824;275;0.0347251080907881
824;615;0.101806871127337
824;654;0.11746972980909
824;797;0.032322496548295
824;843;0.128493054164574
824;874;0.092989514162764
824;883;0.176916495431215
824;924;0.0372044927906245
825;160;0.0813368120696396
825;170;0.183719066018239
825;358;0.190696687996388
825;442;0.0660481154453009
825;590;0.036810058215633
825;653;0.180486998101696
825;848;0.0511388760525733
825;889;0.0318125468213111
825;902;0.0608484192285687
826;160;0.157430233201012
826;263;0.127453468041494
826;265;0.1410554706119
826;475;0.0644463432021439
826;603;0.139430517703295
826;760;0.0103368985000998
826;804;0.0318893141113222
826;873;0.147556085558608
826;942;0.140783678460866
827;134;0.198067826451734
827;187;0.159576566098258
827;581;0.0600092938169837
827;745;0.145308030629531
827;792;0.198112814966589
827;847;0.19984355927445
827;906;0.0642130963969976
827;956;0.0973954493645579
827;978;0.0800511418841779
828;164;0.188004791503772
828;232;0.0694764827378094
828;380;0.0827836206648499
828;497;0.0159240964334458
828;511;0.107789325714111
828;647;0.10833737985231
828;868;0.194096940383315
828;919;0.141432893788442
828;977;0.10015740361996
829;141;0.0563277347944677
829;463;0.172127552237362
829;642;0.0100281556602567
829;648;0.120849466323853
829;721;0.0513528152368963
829;854;0.150667928298935
829;891;0.115956689650193
829;918;0.0565509868785739
829;955;0.0495267114136368
830;132;0.121417550137267
830;332;0.0185018742457032
830;467;0.0314138013869524
830;489;0.164441164163873
830;684;0.159762236522511
830;750;0.0651899037417024
830;768;0.119340117275715
830;815;0.0541112037375569
830;920;0.095592412725091
831;85;0.0626110672950745
831;177;0.117725885054097
831;344;0.00951172187924385
831;423;0.0793024583719671
831;437;0.108612555777654
831;441;0.124834060668945
831;725;0.139489188231528
831;854;0.164245943073183
831;925;0.127718226332217
832;52;0.0486966061405838
832;324;0.11319409860298
832;468;0.0205737256910652
832;472;0.0518414500169456
832;707;0.197184063820168
832;889;0.0489467466715723
832;922;0.133818427519873
832;946;0.165316405519843
832;970;0.0474962462671101
833;202;0.183109326241538
833;294;0.120451524946839
833;420;0.191578896483406
833;722;0.0861163084860891
833;743;0.140507840411738
833;872;0.00135940960608423
833;888;0.0154886144213378
833;898;0.0935461258050054
833;908;0.0874708709772676
834;238;0.168375373352319
834;240;0.116850148094818
834;417;0.110677087400109
834;435;0.166877177543938
834;534;0.00433356268331409
834;536;0.0551248177886009
834;545;0.136236953316256
834;566;0.18255403386429
834;627;0.0714374062139541
835;276;0.0812304293736816
835;286;0.193023605365306
835;546;0.0086152084171772
835;690;0.0798695293720812
835;741;0.135509084817022
835;763;0.0790419251658022
835;818;0.0860019622370601
835;850;0.0513210650067776
835;912;0.188668304588646
836;82;0.0690345134586096
836;274;0.167222555913031
836;519;0.122230170248076
836;611;0.0554636082146317
836;724;0.0688713028095663
836;754;0.153530299151316
836;768;0.174997352622449
836;864;0.0763652924913913
836;974;0.132923641428351
837;32;0.0603364524897188
837;307;0.147033226583153
837;309;0.192059465777129
837;478;0.145556807750836
837;499;0.0817571200430393
837;503;0.0683596508577466
837;606;0.0997375758364797
837;704;0.158687734697014
837;853;0.0370901975315064
838;378;0.177817073464394
838;389;0.00608434709720314
838;429;0.0522402216680348
838;488;0.082711749477312
838;534;0.0204900298733264
838;543;0.148114447109401
838;632;0.0388752006925643
838;844;0.102069266140461
838;956;0.0430469006299973
839;123;0.0424857415724546
839;315;0.141290843067691
839;327;0.10122667090036
839;512;0.0777162272017449
839;554;0.115042416751385
839;613;0.0655212605837733
839;708;0.0254463395103812
839;870;0.151020611077547
839;979;0.175756887858734
840;326;0.183137418050319
840;328;0.0874584579374641
840;356;0.146316886832938
840;690;0.101965954340994
840;706;0.180356027232483
840;756;0.0846809116657823
840;810;0.0763781966641545
840;896;0.0921595985535532
840;933;0.105254112090915
841;48;0.082842711172998
841;279;0.0630609514191747
841;287;0.0312736556865275
841;377;0.066610761359334
841;749;0.164568436844274
841;776;0.188468991499394
841;883;0.137213264638558
841;949;0.0998896877281368
841;988;0.128912095073611
842;295;8.8859349489212e-06
842;334;0.15466033401899
842;361;0.163024120451882
842;406;0.0754721529781818
842;448;0.198174173524603
842;480;0.0418536917772144
842;677;0.00761681203730404
842;774;0.120547786261886
842;843;0.141032033180818
843;177;0.168400896247476
843;416;0.0641602011863142
843;435;0.199491527443752
843;664;0.125474840216339
843;706;0.128233244456351
843;750;0.0508213802240789
843;824;0.053305996581912
843;842;0.127478208811954
843;967;0.196557088848203
844;27;0.0660113383550197
844;43;0.128451670799404
844;112;0.0951635020785034
844;378;0.187498789513484
844;389;0.175211497442797
844;447;0.117419652780518
844;751;0.0575425283517689
844;777;0.0166805494576693
844;838;0.181005230592564
845;302;0.137041989155114
845;476;0.00530716222710908
845;511;0.0347315687220544
845;544;0.13786095911637
845;601;0.149742399062961
845;668;0.0170449847355485
845;675;0.0436485748738051
845;737;0.18114690030925
845;798;0.133563986513764
846;295;0.132742201676592
846;337;0.113155725132674
846;394;0.0830854316707701
846;517;0.0747537358663976
846;746;0.054477653093636
846;748;0.1954453562852
846;810;0.0550815978087485
846;849;0.0244286982342601
846;932;0.122613835241646
847;21;0.109198939753696
847;123;0.195926222810522
847;190;0.176080894004554
847;357;0.0685755240730941
847;531;0.199335198104382
847;633;0.0251547657418996
847;732;0.0787971947807819
847;782;0.189789428887889
847;827;0.159590053884313
848;475;0.164508344372734
848;496;0.00239118272438645
848;553;0.163168770307675
848;574;0.00617937822826207
848;665;0.171579353744164
848;761;0.0449169931001961
848;795;0.0858371239621192
848;801;0.000771104590967298
848;825;0.0450723394285888
849;260;0.170613644458354
849;312;0.0517215272411704
849;387;0.114908079383895
849;408;0.0738632051739842
849;430;0.189631805289537
849;756;0.0785099531523883
849;791;0.129547055950388
849;846;0.18989895535633
849;856;0.0581378348171711
850;185;0.192470482038334
850;404;0.00577302328310907
850;471;0.106105325184762
850;621;0.0169816394802183
850;683;0.126561226788908
850;711;0.163079781690612
850;823;0.180050565255806
850;835;0.105897303065285
850;973;0.10814885632135
851;164;0.0270555322989821
851;174;0.177991547016427
851;287;0.10363990413025
851;335;0.0330825977027416
851;554;0.142129059974104
851;617;0.0388649274129421
851;627;0.0637195071205497
851;703;0.0911698329262435
851;998;0.161690005101264
852;55;0.0955018995795399
852;183;0.104105918109417
852;341;0.171484663616866
852;504;0.141390642151237
852;595;0.198298400919884
852;813;0.196676407009363
852;910;0.0814263664651662
852;925;0.0948354453779757
852;998;0.0560250069946051
853;323;0.00252490732818842
853;478;0.15889798537828
853;550;0.0700297300238162
853;622;0.131571298372
853;690;0.0292017024476081
853;837;0.14244447289966
853;870;0.0500976709183306
853;877;0.146247770497575
853;975;0.0340307199396193
854;44;0.0877903109882027
854;146;0.147041294630617
854;411;0.0826320822350681
854;537;0.0831765804905444
854;587;0.1660888440907
854;829;0.0833339722361416
854;831;0.00847761151380837
854;883;0.0311863420996815
854;976;0.115419955318794
855;67;0.0567379117943347
855;218;0.119403552776203
855;339;0.0788627600762993
855;543;0.127091415273026
855;565;0.0786729918327183
855;815;0.0281758053228259
855;821;0.0993462454993278
855;937;0.107398597942665
855;966;0.0286824508104473
856;214;0.180979998456314
856;511;0.0849408559966832
856;601;0.196904271189123
856;635;0.159189403196797
856;641;0.0515336724929512
856;768;0.039278606325388
856;849;0.133806201815605
856;953;0.068185071926564
856;988;0.105491208843887
857;51;0.0934969719965011
857;373;0.0715833871159703
857;487;0.0862567814067006
857;537;0.0214595871046186
857;770;0.114257739065215
857;774;0.0553487967234105
857;872;0.11521975225769
857;940;0.127509503578767
857;947;0.0145524121355265
858;50;0.0781953682657331
858;121;0.0916730126831681
858;235;0.129142583440989
858;547;0.192989495396614
858;683;0.0281846405472606
858;707;0.18807420451194
858;892;0.0558609169907868
858;973;0.066794730629772
858;991;0.0710226616356522
859;26;0.0979055271483958
859;170;0.0172832621727139
859;210;0.190244517894462
859;378;0.0605318035464734
859;547;0.181750910170376
859;728;0.0365084895864129
859;758;0.149067866196856
859;869;0.105397764453664
859;989;0.114942935295403
860;249;0.193988257134333
860;371;0.129786262428388
860;526;0.086933793220669
860;528;0.0698743854649365
860;664;0.182405714038759
860;734;0.0590504206251353
860;787;0.198014426510781
860;938;0.133791361423209
860;977;0.0718251414597035
861;212;0.102775200270116
861;292;0.183800338534638
861;480;0.0505962652154267
861;553;0.0350054491311312
861;670;0.0190503060817719
861;749;0.155507830251008
861;808;0.170705986535177
861;815;0.0186247636098415
861;967;0.0797730683814734
862;112;0.163720621261746
862;144;0.0297421738971025
862;193;0.10797177227214
862;316;0.166324257431552
862;358;0.105311435926706
862;576;0.101647332310677
862;597;0.0189950837288052
862;716;0.102922025555745
862;823;0.04547806433402
863;243;0.0498241112567484
863;369;0.0420995392370969
863;443;0.00815438539721072
863;488;0.0471373933367431
863;502;0.00794327077455819
863;661;0.19797966517508
863;791;0.0102003807667643
863;819;0.0851431698538363
863;943;0.0181404249276966
864;186;0.137527596997097
864;223;0.0334725991822779
864;320;0.0442254243418574
864;745;0.0578360959887505
864;773;0.0246761625632644
864;818;0.131525570712984
864;836;0.0628406282048672
864;896;0.0971149830613285
864;978;0.0489538302645087
865;48;0.0927128084935248
865;190;0.000952005386352539
865;202;0.0146584932226688
865;390;0.0415801122784615
865;406;0.147685957094654
865;420;0.103052487410605
865;540;0.0458247249480337
865;557;0.0673676662612707
865;749;0.036566584603861
866;202;0.0963933896273375
866;407;0.0709908430464566
866;537;0.0306397398002446
866;634;0.093281643697992
866;751;0.173431796580553
866;769;0.133195646852255
866;898;0.0211746522691101
866;904;0.112963405251503
866;959;0.138850447861478
867;1;0.0242245899513364
867;251;0.175532099185511
867;363;0.0528441905044019
867;398;0.0865726980380714
867;483;0.0993279528804124
867;508;0.0525446492247283
867;516;0.0974535544868559
867;640;0.010465995175764
867;820;0.0239608398173004
868;132;0.108028115611523
868;347;0.0579323246143758
868;461;0.116267494857311
868;695;0.0396470383740962
868;761;0.0958229931537062
868;801;0.0480734623037279
868;828;0.162080990104005
868;953;0.141432434134185
868;980;0.131443999148905
869;24;0.120455792034045
869;152;0.0527613668702543
869;458;0.107899223780259
869;508;0.187817732756957
869;555;0.0173907251562923
869;816;0.185064755519852
869;859;0.161911558220163
869;921;0.156175139546394
869;962;0.14553381470032
870;201;0.0816014737356454
870;500;0.0957895908504725
870;607;0.142581914272159
870;644;0.125483097042888
870;679;0.045164644299075
870;687;0.161814023228362
870;839;0.0276253104675561
870;853;0.0657335214782506
870;963;0.116927112685516
871;299;0.0235803199000657
871;368;0.165266452357173
871;414;0.0680461321957409
871;419;0.0595856478903443
871;422;0.116852927813306
871;434;0.0682513558771461
871;464;0.0729548874311149
871;808;0.0886711581610143
871;905;0.123621942708269
872;46;0.112207087501884
872;175;0.0377685684710741
872;610;0.161675435723737
872;685;0.159993639867753
872;769;0.199675676319748
872;819;0.00145151671022177
872;833;0.173876286437735
872;857;0.135068140225485
872;947;0.170514467079192
873;28;0.150387332728133
873;440;0.11138335489668
873;570;0.0670640772208572
873;615;0.165669048530981
873;676;0.124239165661857
873;817;0.0300639023538679
873;826;0.145882741175592
873;894;0.168482068926096
873;998;0.132411037944257
874;31;0.0673049626871944
874;193;0.0813514789100736
874;648;0.0415907995309681
874;661;0.167133245617151
874;703;0.142921666475013
874;768;0.141247263690457
874;788;0.194984830450267
874;824;0.095024370867759
874;986;0.198877135990188
875;187;0.0814424363896251
875;211;0.179928422207013
875;213;0.166893785726279
875;498;0.0452582697384059
875;544;0.145545317977667
875;757;0.030420872149989
875;787;0.0423042629379779
875;910;0.0647924998309463
875;920;0.0679467502981424
876;61;0.0878562617115676
876;91;0.0554711750242859
876;201;0.184338660724461
876;249;0.187720049358904
876;256;0.0401590788271278
876;266;0.0948320855852217
876;398;0.102499987045303
876;521;0.117870755586773
876;542;0.198216400621459
877;41;0.117537484271452
877;575;0.119665058609098
877;659;0.136041891435161
877;746;0.0858921966515482
877;800;0.0230073840357363
877;853;0.103778219642118
877;908;0.0583273398689926
877;942;0.186127062235028
877;991;0.129490840900689
878;157;0.1315394599922
878;196;0.0293544318526983
878;246;0.108320987736806
878;282;0.0719341751653701
878;317;0.127778716245666
878;346;0.0116265925578773
878;484;0.113866514293477
878;783;0.126050067599863
878;822;0.0289293516427279
879;4;0.157249109679833
879;145;0.0436099090147763
879;228;0.067123291734606
879;254;0.180827459599823
879;302;0.16169995861128
879;540;0.0846460561733693
879;674;0.0557966906577349
879;804;0.15244400985539
879;806;0.106288508605212
880;219;0.183817342668772
880;342;0.148869656817988
880;529;0.192691874690354
880;550;0.0995084115304053
880;571;0.0486642580479383
880;580;0.150607405323535
880;649;0.0305578924249858
880;887;0.128756130021065
880;961;0.173744833981618
881;243;0.188159715756774
881;261;0.161069881170988
881;345;0.118960482208058
881;347;0.150169703084975
881;361;0.189320999896154
881;695;0.0329135939944536
881;780;0.117417251830921
881;789;0.16032092301175
881;934;0.114762908779085
882;143;0.130850617680699
882;146;0.162819271860644
882;187;0.140807957621291
882;593;0.0601310825441033
882;637;0.155593564920127
882;659;0.0246973416302353
882;777;0.033954312466085
882;811;0.137757626594976
882;812;0.127725757705048
883;133;0.0214472824241966
883;171;0.0889548153616488
883;205;0.0150863723829389
883;463;0.0567883834708482
883;543;0.086339595541358
883;824;0.176097894879058
883;841;0.103923224844038
883;854;0.173656189255416
883;981;0.174296046001837
884;32;0.115306332847103
884;138;0.163854216225445
884;178;0.0777190843131393
884;181;0.00738742053508759
884;332;0.138880026340485
884;390;0.193654480623081
884;561;0.0636419584974647
884;739;0.00825658198446035
884;783;0.116643130779266
885;19;0.193416604911909
885;158;0.0270979713648558
885;262;0.144756699539721
885;426;0.174800682673231
885;571;0.137717595370486
885;639;0.0938363535795361
885;775;0.00566895548254252
885;939;0.10300174811855
885;988;0.0808428009971976
886;265;0.117510682810098
886;290;0.160897685354576
886;513;0.0269492238294333
886;657;0.132697251671925
886;696;0.120830920431763
886;705;0.138093843404204
886;902;0.0809261490125209
886;950;0.0918078281916678
886;975;0.0750183303840458
887;17;0.149087603203952
887;340;0.0836275737266988
887;440;0.0518968434538692
887;571;0.0854861610103399
887;675;0.0534169827587903
887;880;0.055361877148971
887;892;0.0711633464321494
887;922;0.0353246985003352
887;980;0.0155028629582375
888;42;0.0520023096352816
888;166;0.035981905227527
888;189;0.191003577737138
888;330;0.0169797340407968
888;583;0.168102570716292
888;637;0.128217246616259
888;653;0.138027559500188
888;833;0.161182982008904
888;989;0.0608154507353902
889;131;0.0927764787338674
889;136;0.197213803697377
889;165;0.12157092015259
889;310;0.0280208170879632
889;552;0.0586833794601262
889;560;0.0621280882507563
889;777;0.104694555839524
889;825;0.189617952192202
889;832;0.0725102215074003
890;386;0.195899553224444
890;437;0.0481622567865998
890;444;0.0231466873548925
890;454;0.0128220688086003
890;571;0.0239848185330629
890;629;0.0335203286726028
890;669;0.0544967599213123
890;721;0.00715000033378601
890;734;0.176879036612809
891;471;0.011579024977982
891;653;0.119636375783011
891;692;0.0154672021511942
891;736;0.126322199031711
891;754;0.11340739140287
891;766;0.0617624944075942
891;799;0.00646045431494713
891;829;0.121313228132203
891;970;0.0273603602778167
892;132;0.174230736726895
892;402;0.134427809622139
892;515;0.0662211872171611
892;682;0.142848465079442
892;753;0.0118458680808544
892;768;0.0226832278538495
892;858;0.0132050500251353
892;887;0.183726278366521
892;972;0.131012588180602
893;145;0.119354026252404
893;227;0.109115317137912
893;235;0.0274792465846986
893;394;0.146414113929495
893;406;0.090267477510497
893;419;0.164942608214915
893;446;0.0753004499711096
893;681;0.194663377804682
893;917;0.17891184031032
894;126;0.196081756521016
894;209;0.0670893140602857
894;218;0.100512778339908
894;332;0.114748163986951
894;401;0.140377206588164
894;603;0.0304918366950005
894;623;0.0383532465435565
894;645;0.0359881087206304
894;873;0.0962193892803043
895;252;0.000280557433143258
895;316;0.177749649481848
895;397;0.026001154538244
895;414;0.0247185443993658
895;486;0.192398408427835
895;492;0.0017031725961715
895;539;0.0692154961172491
895;785;0.0643632748629898
895;987;0.15652063624002
896;38;0.00836544050835073
896;199;0.0733577016741037
896;266;0.0226388939656317
896;371;0.0736358602065593
896;525;0.179730822565034
896;789;0.12091652979143
896;840;0.0239818367641419
896;864;0.125221230089664
896;911;0.131636020494625
897;159;0.0205328369978815
897;240;0.0425546558573842
897;292;0.100003968924284
897;498;0.137919433601201
897;500;0.138430901989341
897;574;0.0415494851768017
897;748;0.0384481767658144
897;933;0.149849645560607
897;967;0.178154018940404
898;139;0.101368781365454
898;316;0.185030068689957
898;523;0.175257524335757
898;526;0.149595054704696
898;562;0.141607116442174
898;770;0.124638706212863
898;833;0.116292645828798
898;866;0.140238383365795
898;914;0.0487980861682445
899;201;0.197681507188827
899;208;0.110463721724227
899;253;0.115018680645153
899;373;0.17469739774242
899;468;0.0485828632954508
899;479;0.17210678961128
899;712;0.157845503464341
899;763;0.125024692714214
899;933;0.0174006448592991
900;245;0.159498835867271
900;271;0.0849829690530896
900;401;0.103670407179743
900;529;0.114044430386275
900;596;0.00229405644349754
900;725;0.151411372795701
900;742;0.0348234166856855
900;932;0.0556668356992304
900;953;0.0536522522568703
901;177;0.115850271144882
901;373;0.11894840807654
901;584;0.196096694562584
901;701;0.0642332128249109
901;806;0.193806079356
901;811;0.0377575644291937
901;907;0.179695414984599
901;936;0.11449132701382
901;991;0.0033214156050235
902;207;0.0361573175061494
902;350;0.0655137230176479
902;551;0.0934528199024499
902;778;0.198171435436234
902;825;0.0735437751747668
902;886;0.0698220941703767
902;904;0.194477992039174
902;965;0.170111261680722
902;998;0.154835759103298
903;116;0.17769876322709
903;281;0.0126468823757023
903;285;0.101885549491271
903;383;0.0594913754612207
903;412;0.148651448544115
903;500;0.00783095867373049
903;666;0.195622430602089
903;694;0.166711876075715
903;713;0.118261406198144
904;79;0.111809343798086
904;130;0.0508650118485093
904;339;0.0808173056691885
904;453;0.114965137979016
904;769;0.190895388973877
904;772;0.123338023480028
904;798;0.16766403215006
904;866;0.104507421888411
904;902;0.0845882579218596
905;202;0.136464649718255
905;336;0.155096494266763
905;352;0.160952217318118
905;527;0.122487440053374
905;679;0.0757795389275998
905;775;0.105793450726196
905;871;0.167191166058183
905;931;0.101983864745125
905;953;0.121260703168809
906;165;0.0690116924233735
906;214;0.0830412458628416
906;244;0.0904874667525292
906;488;0.059215486748144
906;547;0.0217530075460672
906;570;0.135681934515014
906;637;0.0953259070403874
906;726;0.177587784128264
906;827;0.174552129441872
907;202;0.0677441632840782
907;218;0.108884798642248
907;373;0.11315308297053
907;457;0.192587548075244
907;773;0.102656551124528
907;901;0.161093929084018
907;930;0.180692288931459
907;962;0.175614990480244
907;1000;0.0269451476167887
908;130;0.0473312287125736
908;198;0.0473411602433771
908;333;0.12332962998189
908;596;0.0465274899732322
908;743;0.122324626846239
908;833;0.100443054223433
908;877;0.189461549045518
908;954;0.159250734606758
908;991;0.0389858964830637
909;105;0.0849519540555775
909;319;0.0054002795368433
909;363;0.137532399781048
909;381;0.0411916138138622
909;537;0.000298225693404675
909;563;0.172740361886099
909;710;0.0838098844047636
909;932;0.0583088845014572
909;957;0.0601639931555837
910;196;0.111172714363784
910;440;0.155959406960756
910;482;0.055337947467342
910;549;0.1271584703587
910;560;0.0934572025667876
910;670;0.198935117851943
910;852;0.0885464928112924
910;875;0.125877341628075
910;947;0.00280227428302169
911;56;0.0599186649080366
911;279;0.0527534198947251
911;356;0.170547634270042
911;561;0.0943827864248306
911;597;0.151444884715602
911;753;0.160082749649882
911;757;0.0788469570688903
911;896;0.0456217848230153
911;946;0.172744208062068
912;21;0.165253946417943
912;86;0.0980503756087273
912;200;0.145724832592532
912;445;0.0653006180655211
912;504;0.103083146456629
912;707;0.145916410814971
912;750;0.0795509423594922
912;818;0.164699421776459
912;835;0.0658560064155608
913;264;0.188484946684912
913;299;0.121870017424226
913;323;0.167407654458657
913;390;0.02275629513897
913;575;0.149264375166968
913;576;0.00982777299359441
913;607;0.0204138770699501
913;652;0.1078257357236
913;751;0.100813613971695
914;163;0.124785556038842
914;263;0.111182281095535
914;567;0.0907996467780322
914;704;0.0452537428122014
914;718;0.00844761286862195
914;735;0.177131532412022
914;823;0.0531008750200272
914;898;0.11158142182976
914;971;0.0801572365220636
915;75;0.145693714637309
915;152;0.123295832052827
915;315;0.0454529243987054
915;595;0.0544779823161662
915;638;0.0868607838638127
915;668;0.186868937080726
915;786;0.000453587807714939
915;917;0.0858089340850711
915;950;0.0612611507065594
916;18;0.0931167152710259
916;235;0.0167831232305616
916;281;0.0553774185013026
916;368;0.0930294858291745
916;460;0.155115103069693
916;559;0.16073951497674
916;617;0.0203924757428467
916;690;0.0461175900418311
916;984;0.0232977734412998
917;82;0.0992809497751296
917;251;0.0312044192571193
917;280;0.0165958136320114
917;386;0.136842780187726
917;502;0.0522127103991807
917;543;0.107669193809852
917;606;0.0688362954184413
917;893;0.193466635048389
917;915;0.0304249249398708
918;301;0.014507693471387
918;379;0.124312868993729
918;389;0.0588860171381384
918;481;0.0515777712222189
918;744;0.00724188522435725
918;752;0.0350648730061948
918;762;0.109761501476169
918;829;0.0750577392522246
918;959;0.0424195700790733
919;91;0.093712291540578
919;111;0.0191195801366121
919;261;0.0316622152458876
919;458;0.000163431977853179
919;508;0.0273305441252887
919;555;0.0347961587365717
919;748;0.184758386667818
919;828;0.132126527652144
919;984;0.0936661540996283
920;52;0.157285498408601
920;314;0.141603168239817
920;385;0.11809693663381
920;388;0.0692342843394727
920;534;0.167680960008875
920;541;0.122860864223912
920;630;0.101747873192653
920;830;0.0396405171137303
920;875;0.0414423070382327
921;318;0.142876554559916
921;372;0.0652945955749601
921;591;0.0706495290622115
921;635;0.170566773274913
921;663;0.179923395253718
921;753;0.00735236895270646
921;869;0.151596615510061
921;956;0.110475084744394
921;984;0.134337121620774
922;147;0.0915221001021564
922;176;0.126611346658319
922;259;0.0465708332136273
922;298;0.0514376552775502
922;583;0.0550064784474671
922;791;0.171274080453441
922;832;0.095498310867697
922;887;0.144459298020229
922;929;0.157730840938166
923;316;0.03664450799115
923;345;0.183440236421302
923;465;0.104813745757565
923;484;0.0978202221915126
923;566;0.150227781757712
923;651;0.143693762505427
923;657;0.187223237985745
923;772;0.0178499021567404
923;967;0.195969556504861
924;217;0.15407767421566
924;275;0.14612107896246
924;357;0.0691197691950947
924;502;0.135909197945148
924;620;0.174860709346831
924;715;0.182054752483964
924;811;0.111068124789745
924;824;0.0190113130491227
924;926;0.150292968610302
925;385;0.0893696537707001
925;396;0.17947662640363
925;568;0.180318502290174
925;600;0.0400679514277726
925;615;0.00239110644906759
925;817;0.0718687600456178
925;831;0.00454927333630621
925;852;0.0550511035136879
925;953;0.00313828019425273
926;44;0.135672584641725
926;105;0.119239455321804
926;307;0.0717804401181638
926;413;0.144566635601223
926;674;0.00420455285347998
926;709;0.174341158056632
926;924;0.187610026402399
926;939;0.15861855247058
926;958;0.191801641788334
927;135;0.0593403705861419
927;165;0.105014085024595
927;221;0.07045056251809
927;248;0.0467409740202129
927;619;0.0184717013966292
927;685;0.182604758767411
927;800;0.142400700645521
927;951;0.125747535424307
927;988;0.142886906117201
928;106;0.128967576241121
928;244;0.143121295189485
928;363;0.0433893776964396
928;398;0.0822646703571081
928;404;0.0774855653755367
928;557;0.0783012208994478
928;609;0.0789529857225716
928;711;0.117358713876456
928;952;0.0314374879933894
929;316;0.0713602774310857
929;337;0.197880092356354
929;508;0.0812060597818345
929;542;0.174086888832971
929;655;0.100119466520846
929;669;0.0620027794968337
929;735;0.0142788692377508
929;780;0.0709791192319244
929;922;0.158138718921691
930;197;0.1303511290811
930;368;0.0100327882450074
930;525;0.00916997697204351
930;626;0.193968085153028
930;641;0.163386936532333
930;659;0.154204976046458
930;701;0.165167336072773
930;907;0.0401417024433613
930;999;0.143827099865302
931;84;0.0390018785372376
931;208;0.0283098095096648
931;226;0.00795977278612554
931;290;0.0213478138670325
931;581;0.161749842949212
931;727;0.0842042077332735
931;739;0.169293821509928
931;905;0.187044034106657
931;935;0.131816882267594
932;81;0.101547740818933
932;331;0.0845302935689688
932;424;0.179854544112459
932;517;0.0111046776175499
932;549;0.0026052416767925
932;710;0.0279722927603871
932;846;0.195011812355369
932;900;0.176892594154924
932;909;0.167764093028381
933;115;0.158364689908922
933;353;0.175660435110331
933;439;0.0408885362092406
933;470;0.173320755409077
933;706;0.197207742370665
933;756;0.164527166029438
933;840;0.021796167595312
933;897;0.10730051593855
933;899;0.00757318558171392
934;163;0.0359959749039263
934;443;0.0417205364443362
934;493;0.165877229161561
934;602;0.0861467873677611
934;666;0.130818255944178
934;694;0.140586435003206
934;727;0.106454352894798
934;881;0.110947242053226
934;949;0.178042829874903
935;113;0.102977984258905
935;212;0.179712902056053
935;224;0.0468128646723926
935;343;0.0611652485094965
935;396;0.0272153976373374
935;714;0.129275481542572
935;727;0.0352596164215356
935;743;0.0905665242113173
935;931;0.111674402840436
936;210;0.020287573710084
936;224;0.1697960333433
936;230;0.0770447400864214
936;264;0.12962500480935
936;284;0.196082700043917
936;290;0.167427878500894
936;796;0.0521146091166884
936;901;0.171624058112502
936;942;0.181741594849154
937;120;0.0410427153576165
937;149;0.0808904731180519
937;460;0.00781103414483368
937;707;0.0185551548842341
937;713;0.0525425096973777
937;718;0.139760536514223
937;803;0.0680012923665345
937;855;0.13805277296342
937;989;0.109434933355078
938;25;0.17083876831457
938;328;0.00704947775229812
938;359;0.104709471296519
938;545;0.139248717855662
938;640;0.0380949284881353
938;691;0.0148579960688949
938;705;0.18189577232115
938;860;0.0234468796290457
938;965;0.0546249036677182
939;148;0.118974998779595
939;386;0.0378072223160416
939;390;0.0380448344163597
939;500;0.0288657000288367
939;576;0.0282859304454178
939;758;0.135693568969145
939;779;0.0638150660321117
939;885;0.0943683991674334
939;926;0.11303302901797
940;178;0.0331690818537027
940;268;0.130269345222041
940;393;0.151385375671089
940;413;0.04529088283889
940;531;0.165239710081369
940;606;0.177378692897037
940;770;0.163616571482271
940;857;0.0974244687706232
940;978;0.15855891155079
941;136;0.076515049720183
941;313;0.119151859357953
941;333;0.0678839195054024
941;454;0.0961431375704706
941;509;0.0376046380028129
941;638;0.0884900690056384
941;674;0.100488899787888
941;746;0.125101044913754
941;793;0.170176982134581
942;221;0.152991251321509
942;404;0.158273156639189
942;453;0.118943999288604
942;611;0.155901815695688
942;673;0.115904762083665
942;826;0.0829450178425759
942;877;0.0755709786899388
942;936;0.0609015956986696
942;966;0.0227493347600102
943;44;0.116859486373141
943;63;0.0298630130942911
943;118;0.0528626644983888
943;394;0.0132187412586063
943;413;0.0561306619085372
943;507;0.0571054202038795
943;705;0.193134265532717
943;747;0.0529238861054182
943;863;0.0209310626611114
944;126;0.0871712824795395
944;272;0.174536770721897
944;310;0.0640630146488547
944;380;0.0789514659903944
944;411;0.130820416053757
944;503;0.0819956036284566
944;538;0.122028879635036
944;762;0.0989809758961201
944;964;0.191708426177502
945;228;0.0331764921080321
945;295;0.195262240152806
945;512;0.153971487795934
945;569;0.0814819417428225
945;608;0.0338427741080523
945;613;0.125329706119373
945;699;0.0802991063334048
945;820;0.10328369201161
945;999;0.174246840085834
946;220;0.0441151074599475
946;511;0.0590688600670546
946;578;0.0443147376179695
946;671;0.172282005660236
946;737;0.0772706608753651
946;791;0.165045691700652
946;832;0.145470747537911
946;911;0.139469290338457
946;979;0.103485845401883
947;175;0.00972202518023551
947;242;0.101570556266233
947;367;0.127344160154462
947;393;0.0104616879019886
947;633;0.154777116561309
947;857;0.134703196072951
947;872;0.161595064541325
947;910;0.148910545231774
947;988;0.0320210814010352
948;203;0.0955393760930747
948;321;0.137851557554677
948;356;0.165059323329479
948;358;0.0836487407330424
948;464;0.0916877125389874
948;564;0.146848037699237
948;746;0.16685949023813
948;786;0.170959426183254
948;794;0.140903121698648
949;91;0.193955715186894
949;412;0.144452548166737
949;523;0.0682655575219542
949;618;0.180573047976941
949;664;0.187912388006225
949;668;0.143727740412578
949;750;0.0888445378281176
949;841;0.0066591186914593
949;934;0.0860893108416349
950;131;0.104394074482843
950;206;0.0845510622952134
950;269;0.152715114364401
950;495;0.149594177724794
950;747;0.000159865012392402
950;769;0.163311799010262
950;886;0.0853847333230078
950;915;0.0799335908144713
950;975;0.0131917269900441
951;101;0.178680210700259
951;226;0.16273061404936
951;360;0.194679802004248
951;387;0.173586403112859
951;548;0.0474491795059294
951;562;0.0257451517041773
951;645;0.037644780613482
951;927;0.0267385093960911
951;996;0.029080805927515
952;121;0.00285855950787663
952;302;0.0611400403548032
952;368;0.0176462991163135
952;483;0.087922362331301
952;624;0.0566155304666609
952;689;0.0805938038043678
952;811;0.00345233231782913
952;928;0.0247871133964509
952;954;0.0674802275374532
953;423;0.0601186207961291
953;433;0.0487119433935732
953;580;0.109061328414828
953;822;0.0353469809982926
953;856;0.102521123550832
953;868;0.19642510372214
953;900;0.199432313302532
953;905;0.0748290490359068
953;925;0.0126234342809767
954;11;0.0929658469744027
954;49;0.111286861496046
954;86;0.0722328594885766
954;319;0.0412871479522437
954;353;0.0876172222662717
954;704;0.192395576229319
954;813;0.109384289383888
954;908;0.0778581860475242
954;952;0.10811369176954
955;173;0.194779854407534
955;231;0.126738448021933
955;284;0.143182392045856
955;562;0.153758659306914
955;592;0.146668913448229
955;651;0.147235877532512
955;734;0.0843063495121896
955;829;0.0304039846174419
955;956;0.184118213132024
956;100;0.144135016854852
956;119;0.15578552596271
956;448;0.083603257779032
956;621;0.120708353724331
956;670;0.0407488648314029
956;827;0.0106359188444912
956;838;0.100040026102215
956;921;0.03248659116216
956;955;0.00487258210778236
957;43;0.0151591429486871
957;97;0.152355455141515
957;267;0.189208125462756
957;323;0.113750483747572
957;331;0.0395365828182548
957;488;0.175423653190956
957;758;0.00071277734823525
957;909;0.112544585205615
957;986;0.0264225756283849
958;194;0.173094439040869
958;459;0.190737502183765
958;474;0.186418543057516
958;533;0.0455127513967454
958;688;0.198503903672099
958;712;0.196769972983748
958;776;0.0538108006585389
958;926;0.0557266524527222
958;992;0.161856291256845
959;107;0.105551034165546
959;372;0.129730826290324
959;427;0.0523334367666394
959;616;0.0376301956363022
959;723;0.170533037930727
959;752;0.13661144846119
959;754;0.152759569277987
959;866;0.175154557777569
959;918;0.152440627804026
960;201;0.116887750616297
960;370;0.108436126960441
960;580;0.0109947950579226
960;625;0.0307750354055315
960;773;0.140889440197498
960;782;0.0414879236835986
960;809;0.192183987842873
960;969;0.0270541576202959
960;975;0.128258312633261
961;312;0.0979449590202421
961;342;0.18912565195933
961;421;0.132706134021282
961;461;0.188029711367562
961;511;0.162501754006371
961;532;0.163593066716567
961;665;0.0192732103634626
961;793;0.0439009468071163
961;880;0.0239898339379579
962;4;0.0615479841828346
962;173;0.00922326892614365
962;441;0.117838963679969
962;472;0.116499816905707
962;540;0.118196736369282
962;612;0.132799241971225
962;767;0.117769029736519
962;869;0.158110149344429
962;907;0.0791447314899415
963;38;0.086382935103029
963;125;0.185433442192152
963;145;0.182308313623071
963;400;0.148568894993514
963;442;0.168353669624776
963;499;0.0563819360919297
963;597;0.171780083281919
963;675;0.0148068790789694
963;870;0.0875151164829731
964;109;0.0635665286332369
964;137;0.0526357436086983
964;218;0.161493782605976
964;305;0.1496840541251
964;424;0.0805777041241527
964;612;0.155751253617927
964;691;0.00287365689873695
964;754;0.140897072385997
964;944;0.0642317005433142
965;18;0.188739513512701
965;65;0.0381128211971372
965;529;0.160743763390929
965;711;0.174188149906695
965;778;0.114618954015896
965;795;0.0253216019831598
965;817;0.163662175834179
965;902;0.0612182369921356
965;938;0.0596234200987965
966;173;0.0643431381788105
966;269;0.185461041284725
966;462;0.0970060673076659
966;493;0.0709824928548187
966;663;0.168562624882907
966;716;0.0298819351010025
966;747;0.179761583404616
966;855;0.0122100136708468
966;942;0.151285850163549
967;68;0.0947945629246533
967;88;0.159122443664819
967;171;0.127481359476224
967;651;0.131505204318091
967;814;0.0520522047299892
967;843;0.154854830820113
967;861;0.0837267567869276
967;897;0.0761417681816965
967;923;0.0501922760158777
968;22;0.0834847813937813
968;56;0.0340361116919667
968;161;0.158761065313593
968;299;0.0168321381788701
968;338;0.0578206646256149
968;408;0.173886727821082
968;477;0.129491452733055
968;541;0.144508914556354
968;672;0.160752144968137
969;188;0.0612778702750802
969;239;0.0250354593619704
969;333;0.0243521632160991
969;334;0.114522769581527
969;648;0.109478103462607
969;744;0.0522827675100416
969;756;0.100444375956431
969;783;0.168668457726017
969;960;0.0090886368881911
970;99;0.198742939345539
970;150;0.198274538200349
970;293;0.0853105519432575
970;329;0.0300467829685658
970;348;0.0170875649899244
970;439;0.105126400943846
970;487;0.00669725802727044
970;832;0.108260380662978
970;891;0.0628602813463658
971;8;0.0983172223437578
971;236;0.0852522175293416
971;392;0.155134240072221
971;407;0.000540815014392138
971;452;0.0666655478999019
971;719;0.139711466664448
971;808;0.0895954047329724
971;914;0.143616220215335
971;991;0.116387141868472
972;194;0.093868141528219
972;195;0.000216952804476023
972;353;0.148134438181296
972;398;0.0154914082959294
972;428;0.0149860830511898
972;456;0.0425556966569275
972;767;0.0806783574167639
972;892;0.192857787711546
972;998;0.023716173088178
973;121;0.133483460498974
973;250;0.12790009835735
973;294;0.106596092693508
973;331;0.00794260231778026
973;628;0.174575782008469
973;732;0.0487850207835436
973;784;0.0897939240094274
973;850;0.0434220012743026
973;858;0.15230667530559
974;64;0.107917870767415
974;298;0.000790065294131637
974;308;0.193516883580014
974;493;0.194666836736724
974;515;0.188921107817441
974;549;0.198768418515101
974;717;0.055794242117554
974;788;0.142812248505652
974;836;0.0247560085728765
975;213;0.149843770544976
975;414;0.0219810003880411
975;509;0.181140468642116
975;782;0.118698029080406
975;814;0.109942757990211
975;853;0.096929124603048
975;886;0.184407252538949
975;950;0.0513280685059726
975;960;0.157064465759322
976;143;0.0153411483392119
976;158;0.0313085186760873
976;337;0.0338031231891364
976;376;0.127312600100413
976;422;0.103263818426058
976;588;0.131279778946191
976;687;0.168412552401423
976;719;0.182278205826879
976;854;0.0313023133203387
977;79;0.0321844751015306
977;369;0.137554057780653
977;475;0.0515323371160775
977;501;0.0329143251758069
977;505;0.198095440212637
977;601;0.114323538634926
977;781;0.0838915170170367
977;828;0.130073181306943
977;860;0.180859817471355
978;228;0.0846375331748277
978;613;0.0379804404918104
978;785;0.13214031085372
978;792;0.16675228215754
978;795;0.0217373785562813
978;814;0.153748831804842
978;827;0.197308933455497
978;864;0.091167411301285
978;940;0.102418867824599
979;287;0.171261120587587
979;350;0.0148345255292952
979;370;0.100315732089803
979;383;0.0246027980931103
979;575;0.194677011482418
979;622;0.0413813193328679
979;839;0.0950048344675452
979;946;0.133176627429202
979;997;0.142420222517103
980;227;0.189715932030231
980;466;0.0800414754543454
980;649;0.010843682102859
980;702;0.0766998044680804
980;703;0.172887029359117
980;793;0.104883968271315
980;807;0.174973378237337
980;868;0.156396820489317
980;887;0.0642318113707006
981;293;0.101072986703366
981;461;0.0955864107701928
981;469;0.0716602759435773
981;736;0.165904429415241
981;751;0.140251625701785
981;759;0.0462379742413759
981;797;0.0981845478527248
981;805;0.0078231621067971
981;883;0.0071007224265486
982;54;0.174650403577834
982;65;0.013968222681433
982;83;0.174604175332934
982;365;0.0703241600189358
982;446;0.0510457734577358
982;552;0.182161937095225
982;693;0.187384479213506
982;772;0.14809521608986
982;817;0.0638769510667771
983;9;0.0859237285796553
983;322;0.00332850767299533
983;395;0.191234085476026
983;444;0.122516068676487
983;600;0.107832423504442
983;699;0.0859661058988422
983;726;0.0705890864599496
983;789;0.111343896808103
983;812;0.123426675051451
984;319;0.036344549478963
984;492;0.0199112403206527
984;632;0.0195482579059899
984;664;0.129163781926036
984;710;0.150754219293594
984;758;0.124181209644303
984;916;0.0476336481515318
984;919;0.089120706776157
984;921;0.194379748869687
985;49;0.0195076164323837
985;140;0.0997453059535474
985;303;0.0914044302422553
985;388;0.0182662415783852
985;529;0.17008857652545
985;557;0.171704136161134
985;595;0.114863746147603
985;738;0.0896411473862827
985;821;0.0464810244273394
986;213;0.0106161651201546
986;267;0.047436540806666
986;400;0.11609995518811
986;514;0.150620897812769
986;652;0.00954233203083277
986;704;0.114390999497846
986;817;0.14584573013708
986;874;0.0686935544013977
986;957;0.0443887555040419
987;116;0.143716773856431
987;176;0.0640113227535039
987;182;0.00172832608222961
987;211;0.00766982319764793
987;618;0.00837031439878047
987;629;0.147618478583172
987;714;0.0698930815793574
987;762;0.0245968962553889
987;895;0.0308365040458739
988;387;0.0163834395352751
988;411;0.0932132087647915
988;447;0.0127214302774519
988;763;0.128910125419498
988;841;0.0752014141529799
988;856;0.109700560057536
988;885;0.0106320095714182
988;927;0.163257274869829
988;947;0.102979784226045
989;10;0.193916704319417
989;16;0.115021393680945
989;77;0.0609453099779785
989;87;0.0958913502283394
989;344;0.0160628436133265
989;703;0.0381499450653791
989;859;0.140973160136491
989;888;0.157802452985197
989;937;0.167690906301141
990;93;0.181659280695021
990;133;0.0693056321237236
990;179;0.0169419612269849
990;292;0.0983962298370898
990;376;0.0559487033169717
990;467;0.0627809678204358
990;497;0.133173834020272
990;708;0.180531169520691
990;992;0.0716279356274754
991;249;0.0758519617840648
991;301;0.00786042585968971
991;644;0.170063389884308
991;663;0.136518264003098
991;858;0.148189916880801
991;877;0.012220592238009
991;901;0.0142613395582885
991;908;0.0969190160743892
991;971;0.0579137668479234
992;93;0.0670804731547833
992;266;0.196052225958556
992;491;0.100542473746464
992;513;0.107049645297229
992;536;0.045788705535233
992;693;0.0373447347432375
992;745;0.151066479226574
992;958;0.10785118015483
992;990;0.160083385417238
993;215;0.198212206270546
993;334;0.12995300530456
993;386;0.0807592812459916
993;415;0.0839836018625647
993;457;0.158446129178628
993;475;0.143866546731442
993;564;0.0522168857045472
993;636;0.132072257809341
993;731;0.151206935243681
994;188;0.0465041313320398
994;335;0.0865024764556438
994;459;0.0542802234645933
994;538;0.0985247423872352
994;576;0.177625634195283
994;749;0.0424195539671928
994;779;0.0982691067270935
994;820;0.134542687470093
994;997;0.0206524567212909
995;25;0.158316362323239
995;205;0.146787384711206
995;241;0.0633954713586718
995;258;0.0164318303111941
995;565;0.0500871051102877
995;584;0.14147110581398
995;616;0.142002245783806
995;671;0.0874128186609596
995;688;0.0901800675317645
996;37;0.0717410925310105
996;199;0.0620732397306711
996;282;0.14410253148526
996;501;0.154263361589983
996;524;0.103587424801663
996;655;0.191556913172826
996;682;0.119086185097694
996;765;0.0572228335775435
996;951;0.0438838974572718
997;14;0.175155615573749
997;171;0.169716388173401
997;203;0.105388936819509
997;416;0.0465048872400075
997;606;0.165976512059569
997;624;0.0074882734566927
997;764;0.135976332658902
997;979;0.172506422409788
997;994;0.176773914368823
998;234;0.110894381674007
998;309;0.0800680795684457
998;403;0.120699856290594
998;558;0.187161978054792
998;851;0.134625734388828
998;852;0.0595658577047288
998;873;0.0826479452196509
998;902;0.190573545312509
998;972;0.0137024102732539
999;283;0.144407009426504
999;284;0.0134977198205888
999;354;0.0905880256090313
999;365;0.171530310856178
999;491;0.065031777555123
999;512;0.111598986620083
999;739;0.175612614676356
999;930;0.118243418959901
999;945;0.173423444340006
1000;70;0.0171682039275765
1000;183;0.166467582155019
1000;375;0.178374848049134
1000;406;0.0907768167089671
1000;418;0.176358650205657
1000;659;0.00931186676025391
1000;777;0.177592898067087
1000;803;0.0751415672712028
1000;907;0.180138698080555
